x	y	V_num	V_ana	error_abs	error_rel
0.04	0.04	1.002	1.002	1.308e-06	1.306e-06
0.08	0.04	1.003	1.003	2.617e-06	2.608e-06
0.12	0.04	1.005	1.005	3.925e-06	3.906e-06
0.16	0.04	1.006	1.006	5.234e-06	5.2e-06
0.2	0.04	1.008	1.008	6.542e-06	6.49e-06
0.24	0.04	1.01	1.01	7.851e-06	7.776e-06
0.28	0.04	1.011	1.011	9.161e-06	9.059e-06
0.32	0.04	1.013	1.013	1.047e-05	1.034e-05
0.36	0.04	1.015	1.015	1.178e-05	1.161e-05
0.4	0.04	1.016	1.016	1.309e-05	1.288e-05
0.44	0.04	1.018	1.018	1.44e-05	1.415e-05
0.48	0.04	1.019	1.019	1.571e-05	1.541e-05
0.52	0.04	1.021	1.021	1.702e-05	1.667e-05
0.56	0.04	1.023	1.023	1.833e-05	1.793e-05
0.6	0.04	1.024	1.024	1.964e-05	1.917e-05
0.64	0.04	1.026	1.026	2.094e-05	2.041e-05
0.68	0.04	1.028	1.028	2.224e-05	2.165e-05
0.72	0.04	1.029	1.029	2.354e-05	2.287e-05
0.76	0.04	1.031	1.031	2.482e-05	2.408e-05
0.8	0.04	1.033	1.033	2.61e-05	2.527e-05
0.84	0.04	1.034	1.034	2.736e-05	2.645e-05
0.88	0.04	1.036	1.036	2.86e-05	2.761e-05
0.92	0.04	1.038	1.037	2.982e-05	2.874e-05
0.96	0.04	1.039	1.039	3.101e-05	2.984e-05
1	0.04	1.041	1.041	3.217e-05	3.09e-05
1.04	0.04	1.043	1.042	3.328e-05	3.193e-05
1.08	0.04	1.044	1.044	3.435e-05	3.29e-05
1.12	0.04	1.046	1.046	3.536e-05	3.381e-05
1.16	0.04	1.048	1.047	3.631e-05	3.466e-05
1.2	0.04	1.049	1.049	3.718e-05	3.543e-05
1.24	0.04	1.051	1.051	3.795e-05	3.612e-05
1.28	0.04	1.053	1.053	3.863e-05	3.67e-05
1.32	0.04	1.054	1.054	3.918e-05	3.717e-05
1.36	0.04	1.056	1.056	3.961e-05	3.751e-05
1.4	0.04	1.058	1.058	3.987e-05	3.77e-05
1.44	0.04	1.059	1.059	3.997e-05	3.773e-05
1.48	0.04	1.061	1.061	3.986e-05	3.757e-05
1.52	0.04	1.063	1.063	3.954e-05	3.721e-05
1.56	0.04	1.064	1.064	3.897e-05	3.661e-05
1.6	0.04	1.066	1.066	3.811e-05	3.575e-05
1.64	0.04	1.068	1.068	3.694e-05	3.459e-05
1.68	0.04	1.07	1.07	3.541e-05	3.311e-05
1.72	0.04	1.071	1.071	3.347e-05	3.125e-05
1.76	0.04	1.073	1.073	3.107e-05	2.896e-05
1.8	0.04	1.075	1.075	2.814e-05	2.619e-05
1.84	0.04	1.076	1.076	2.459e-05	2.285e-05
1.88	0.04	1.078	1.078	2.029e-05	1.882e-05
1.92	0.04	1.08	1.08	1.504e-05	1.392e-05
1.96	0.04	1.082	1.082	8.505e-06	7.864e-06
0.04	0.08	1.003	1.003	2.617e-06	2.608e-06
0.08	0.08	1.006	1.006	5.234e-06	5.2e-06
0.12	0.08	1.01	1.01	7.85e-06	7.775e-06
0.16	0.08	1.013	1.013	1.047e-05	1.033e-05
0.2	0.08	1.016	1.016	1.308e-05	1.288e-05
0.24	0.08	1.019	1.019	1.57e-05	1.54e-05
0.28	0.08	1.023	1.023	1.832e-05	1.791e-05
0.32	0.08	1.026	1.026	2.094e-05	2.041e-05
0.36	0.08	1.029	1.029	2.356e-05	2.289e-05
0.4	0.08	1.033	1.033	2.618e-05	2.535e-05
0.44	0.08	1.036	1.036	2.879e-05	2.78e-05
0.48	0.08	1.039	1.039	3.141e-05	3.023e-05
0.52	0.08	1.043	1.042	3.403e-05	3.264e-05
0.56	0.08	1.046	1.046	3.664e-05	3.504e-05
0.6	0.08	1.049	1.049	3.925e-05	3.741e-05
0.64	0.08	1.053	1.053	4.185e-05	3.977e-05
0.68	0.08	1.056	1.056	4.445e-05	4.209e-05
0.72	0.08	1.059	1.059	4.702e-05	4.439e-05
0.76	0.08	1.063	1.063	4.958e-05	4.666e-05
0.8	0.08	1.066	1.066	5.212e-05	4.889e-05
0.84	0.08	1.07	1.07	5.462e-05	5.107e-05
0.88	0.08	1.073	1.073	5.709e-05	5.321e-05
0.92	0.08	1.076	1.076	5.95e-05	5.528e-05
0.96	0.08	1.08	1.08	6.186e-05	5.729e-05
1	0.08	1.083	1.083	6.415e-05	5.922e-05
1.04	0.08	1.087	1.087	6.635e-05	6.106e-05
1.08	0.08	1.09	1.09	6.846e-05	6.279e-05
1.12	0.08	1.094	1.094	7.044e-05	6.44e-05
1.16	0.08	1.097	1.097	7.229e-05	6.588e-05
1.2	0.08	1.101	1.101	7.398e-05	6.721e-05
1.24	0.08	1.104	1.104	7.548e-05	6.835e-05
1.28	0.08	1.108	1.108	7.677e-05	6.93e-05
1.32	0.08	1.111	1.111	7.782e-05	7.002e-05
1.36	0.08	1.115	1.115	7.859e-05	7.049e-05
1.4	0.08	1.119	1.119	7.905e-05	7.068e-05
1.44	0.08	1.122	1.122	7.916e-05	7.055e-05
1.48	0.08	1.126	1.126	7.886e-05	7.006e-05
1.52	0.08	1.129	1.129	7.812e-05	6.917e-05
1.56	0.08	1.133	1.133	7.687e-05	6.785e-05
1.6	0.08	1.137	1.137	7.505e-05	6.603e-05
1.64	0.08	1.14	1.14	7.258e-05	6.366e-05
1.68	0.08	1.144	1.144	6.94e-05	6.067e-05
1.72	0.08	1.148	1.148	6.541e-05	5.7e-05
1.76	0.08	1.151	1.151	6.049e-05	5.254e-05
1.8	0.08	1.155	1.155	5.451e-05	4.72e-05
1.84	0.08	1.159	1.159	4.73e-05	4.082e-05
1.88	0.08	1.162	1.162	3.864e-05	3.325e-05
1.92	0.08	1.166	1.166	2.822e-05	2.42e-05
1.96	0.08	1.17	1.17	1.558e-05	1.332e-05
0.04	0.12	1.005	1.005	3.925e-06	3.906e-06
0.08	0.12	1.01	1.01	7.85e-06	7.775e-06
0.12	0.12	1.015	1.015	1.178e-05	1.161e-05
0.16	0.12	1.019	1.019	1.57e-05	1.54e-05
0.2	0.12	1.024	1.024	1.963e-05	1.916e-05
0.24	0.12	1.029	1.029	2.355e-05	2.288e-05
0.28	0.12	1.034	1.034	2.748e-05	2.657e-05
0.32	0.12	1.039	1.039	3.14e-05	3.022e-05
0.36	0.12	1.044	1.044	3.533e-05	3.383e-05
0.4	0.12	1.049	1.049	3.925e-05	3.742e-05
0.44	0.12	1.054	1.054	4.318e-05	4.096e-05
0.48	0.12	1.059	1.059	4.71e-05	4.447e-05
0.52	0.12	1.064	1.064	5.102e-05	4.794e-05
0.56	0.12	1.07	1.07	5.494e-05	5.137e-05
0.6	0.12	1.075	1.075	5.884e-05	5.476e-05
0.64	0.12	1.08	1.08	6.274e-05	5.81e-05
0.68	0.12	1.085	1.085	6.661e-05	6.139e-05
0.72	0.12	1.09	1.09	7.047e-05	6.464e-05
0.76	0.12	1.096	1.095	7.429e-05	6.782e-05
0.8	0.12	1.101	1.101	7.808e-05	7.093e-05
0.84	0.12	1.106	1.106	8.181e-05	7.397e-05
0.88	0.12	1.111	1.111	8.548e-05	7.692e-05
0.92	0.12	1.117	1.117	8.908e-05	7.977e-05
0.96	0.12	1.122	1.122	9.259e-05	8.252e-05
1	0.12	1.128	1.127	9.599e-05	8.513e-05
1.04	0.12	1.133	1.133	9.925e-05	8.761e-05
1.08	0.12	1.138	1.138	0.0001024	8.992e-05
1.12	0.12	1.144	1.144	0.0001053	9.205e-05
1.16	0.12	1.149	1.149	0.000108	9.397e-05
1.2	0.12	1.155	1.155	0.0001105	9.566e-05
1.24	0.12	1.161	1.16	0.0001127	9.709e-05
1.28	0.12	1.166	1.166	0.0001145	9.822e-05
1.32	0.12	1.172	1.172	0.000116	9.902e-05
1.36	0.12	1.177	1.177	0.0001171	9.945e-05
1.4	0.12	1.183	1.183	0.0001177	9.948e-05
1.44	0.12	1.189	1.189	0.0001177	9.904e-05
1.48	0.12	1.194	1.194	0.0001172	9.81e-05
1.52	0.12	1.2	1.2	0.0001159	9.659e-05
1.56	0.12	1.206	1.206	0.0001139	9.446e-05
1.6	0.12	1.212	1.212	0.000111	9.164e-05
1.64	0.12	1.218	1.218	0.0001072	8.804e-05
1.68	0.12	1.223	1.223	0.0001023	8.36e-05
1.72	0.12	1.229	1.229	9.612e-05	7.82e-05
1.76	0.12	1.235	1.235	8.86e-05	7.173e-05
1.8	0.12	1.241	1.241	7.951e-05	6.406e-05
1.84	0.12	1.247	1.247	6.862e-05	5.503e-05
1.88	0.12	1.253	1.253	5.566e-05	4.442e-05
1.92	0.12	1.259	1.259	4.025e-05	3.197e-05
1.96	0.12	1.265	1.265	2.191e-05	1.732e-05
0.04	0.16	1.006	1.006	5.234e-06	5.2e-06
0.08	0.16	1.013	1.013	1.047e-05	1.033e-05
0.12	0.16	1.019	1.019	1.57e-05	1.54e-05
0.16	0.16	1.026	1.026	2.093e-05	2.04e-05
0.2	0.16	1.033	1.033	2.617e-05	2.534e-05
0.24	0.16	1.039	1.039	3.14e-05	3.022e-05
0.28	0.16	1.046	1.046	3.663e-05	3.503e-05
0.32	0.16	1.053	1.053	4.186e-05	3.977e-05
0.36	0.16	1.059	1.059	4.71e-05	4.446e-05
0.4	0.16	1.066	1.066	5.233e-05	4.908e-05
0.44	0.16	1.073	1.073	5.756e-05	5.365e-05
0.48	0.16	1.08	1.08	6.279e-05	5.814e-05
0.52	0.16	1.087	1.087	6.801e-05	6.258e-05
0.56	0.16	1.094	1.094	7.322e-05	6.694e-05
0.6	0.16	1.101	1.101	7.842e-05	7.124e-05
0.64	0.16	1.108	1.108	8.36e-05	7.546e-05
0.68	0.16	1.115	1.115	8.876e-05	7.961e-05
0.72	0.16	1.122	1.122	9.388e-05	8.367e-05
0.76	0.16	1.129	1.129	9.896e-05	8.763e-05
0.8	0.16	1.137	1.137	0.000104	9.149e-05
0.84	0.16	1.144	1.144	0.0001089	9.524e-05
0.88	0.16	1.151	1.151	0.0001138	9.887e-05
0.92	0.16	1.159	1.159	0.0001186	0.0001024
0.96	0.16	1.166	1.166	0.0001232	0.0001057
1	0.16	1.174	1.174	0.0001277	0.0001088
1.04	0.16	1.181	1.181	0.000132	0.0001118
1.08	0.16	1.189	1.189	0.0001361	0.0001145
1.12	0.16	1.196	1.196	0.00014	0.000117
1.16	0.16	1.204	1.204	0.0001435	0.0001192
1.2	0.16	1.212	1.212	0.0001467	0.0001211
1.24	0.16	1.22	1.219	0.0001496	0.0001227
1.28	0.16	1.227	1.227	0.000152	0.0001238
1.32	0.16	1.235	1.235	0.0001539	0.0001246
1.36	0.16	1.243	1.243	0.0001552	0.0001248
1.4	0.16	1.251	1.251	0.0001559	0.0001246
1.44	0.16	1.259	1.259	0.0001558	0.0001237
1.48	0.16	1.267	1.267	0.0001549	0.0001223
1.52	0.16	1.275	1.275	0.0001531	0.0001201
1.56	0.16	1.284	1.284	0.0001503	0.0001171
1.6	0.16	1.292	1.292	0.0001463	0.0001133
1.64	0.16	1.3	1.3	0.000141	0.0001085
1.68	0.16	1.309	1.308	0.0001343	0.0001026
1.72	0.16	1.317	1.317	0.0001259	9.563e-05
1.76	0.16	1.325	1.325	0.0001157	8.734e-05
1.8	0.16	1.334	1.334	0.0001035	7.762e-05
1.84	0.16	1.342	1.342	8.898e-05	6.629e-05
1.88	0.16	1.351	1.351	7.179e-05	5.314e-05
1.92	0.16	1.36	1.36	5.156e-05	3.792e-05
1.96	0.16	1.368	1.368	2.782e-05	2.033e-05
0.04	0.2	1.008	1.008	6.542e-06	6.49e-06
0.08	0.2	1.016	1.016	1.308e-05	1.288e-05
0.12	0.2	1.024	1.024	1.963e-05	1.916e-05
0.16	0.2	1.033	1.033	2.617e-05	2.534e-05
0.2	0.2	1.041	1.041	3.271e-05	3.142e-05
0.24	0.2	1.049	1.049	3.925e-05	3.741e-05
0.28	0.2	1.058	1.058	4.579e-05	4.329e-05
0.32	0.2	1.066	1.066	5.232e-05	4.908e-05
0.36	0.2	1.075	1.075	5.886e-05	5.477e-05
0.4	0.2	1.083	1.083	6.54e-05	6.037e-05
0.44	0.2	1.092	1.092	7.193e-05	6.587e-05
0.48	0.2	1.101	1.101	7.846e-05	7.128e-05
0.52	0.2	1.11	1.11	8.498e-05	7.659e-05
0.56	0.2	1.119	1.119	9.149e-05	8.18e-05
0.6	0.2	1.128	1.127	9.798e-05	8.69e-05
0.64	0.2	1.137	1.137	0.0001044	9.19e-05
0.68	0.2	1.146	1.146	0.0001109	9.678e-05
0.72	0.2	1.155	1.155	0.0001173	0.0001015
0.76	0.2	1.164	1.164	0.0001236	0.0001062
0.8	0.2	1.174	1.174	0.0001299	0.0001107
0.84	0.2	1.183	1.183	0.000136	0.000115
0.88	0.2	1.193	1.192	0.0001421	0.0001192
0.92	0.2	1.202	1.202	0.000148	0.0001232
0.96	0.2	1.212	1.212	0.0001538	0.0001269
1	0.2	1.222	1.221	0.0001594	0.0001305
1.04	0.2	1.231	1.231	0.0001647	0.0001338
1.08	0.2	1.241	1.241	0.0001698	0.0001368
1.12	0.2	1.251	1.251	0.0001745	0.0001395
1.16	0.2	1.261	1.261	0.0001789	0.0001419
1.2	0.2	1.271	1.271	0.0001829	0.0001439
1.24	0.2	1.282	1.281	0.0001863	0.0001454
1.28	0.2	1.292	1.292	0.0001892	0.0001465
1.32	0.2	1.302	1.302	0.0001915	0.0001471
1.36	0.2	1.313	1.313	0.000193	0.0001471
1.4	0.2	1.323	1.323	0.0001938	0.0001464
1.44	0.2	1.334	1.334	0.0001936	0.0001451
1.48	0.2	1.345	1.344	0.0001923	0.000143
1.52	0.2	1.355	1.355	0.0001899	0.0001401
1.56	0.2	1.366	1.366	0.0001862	0.0001363
1.6	0.2	1.377	1.377	0.000181	0.0001315
1.64	0.2	1.388	1.388	0.0001743	0.0001255
1.68	0.2	1.4	1.399	0.0001657	0.0001184
1.72	0.2	1.411	1.411	0.0001551	0.0001099
1.76	0.2	1.422	1.422	0.0001422	0.0001
1.8	0.2	1.433	1.433	0.0001269	8.852e-05
1.84	0.2	1.445	1.445	0.0001087	7.523e-05
1.88	0.2	1.457	1.456	8.735e-05	5.998e-05
1.92	0.2	1.468	1.468	6.244e-05	4.253e-05
1.96	0.2	1.48	1.48	3.349e-05	2.263e-05
0.04	0.24	1.01	1.01	7.851e-06	7.776e-06
0.08	0.24	1.019	1.019	1.57e-05	1.54e-05
0.12	0.24	1.029	1.029	2.355e-05	2.288e-05
0.16	0.24	1.039	1.039	3.14e-05	3.022e-05
0.2	0.24	1.049	1.049	3.925e-05	3.741e-05
0.24	0.24	1.059	1.059	4.709e-05	4.446e-05
0.28	0.24	1.07	1.07	5.494e-05	5.137e-05
0.32	0.24	1.08	1.08	6.278e-05	5.814e-05
0.36	0.24	1.09	1.09	7.063e-05	6.478e-05
0.4	0.24	1.101	1.101	7.847e-05	7.128e-05
0.44	0.24	1.111	1.111	8.63e-05	7.765e-05
0.48	0.24	1.122	1.122	9.413e-05	8.389e-05
0.52	0.24	1.133	1.133	0.000102	8.999e-05
0.56	0.24	1.144	1.144	0.0001098	9.595e-05
0.6	0.24	1.155	1.155	0.0001175	0.0001018
0.64	0.24	1.166	1.166	0.0001253	0.0001074
0.68	0.24	1.177	1.177	0.000133	0.000113
0.72	0.24	1.189	1.189	0.0001407	0.0001183
0.76	0.24	1.2	1.2	0.0001482	0.0001235
0.8	0.24	1.212	1.212	0.0001557	0.0001285
0.84	0.24	1.224	1.223	0.0001631	0.0001333
0.88	0.24	1.235	1.235	0.0001704	0.0001379
0.92	0.24	1.247	1.247	0.0001775	0.0001423
0.96	0.24	1.259	1.259	0.0001843	0.0001464
1	0.24	1.271	1.271	0.000191	0.0001502
1.04	0.24	1.284	1.284	0.0001974	0.0001538
1.08	0.24	1.296	1.296	0.0002034	0.000157
1.12	0.24	1.309	1.308	0.000209	0.0001598
1.16	0.24	1.321	1.321	0.0002142	0.0001622
1.2	0.24	1.334	1.334	0.0002189	0.0001641
1.24	0.24	1.347	1.347	0.000223	0.0001656
1.28	0.24	1.36	1.36	0.0002264	0.0001665
1.32	0.24	1.373	1.373	0.000229	0.0001668
1.36	0.24	1.386	1.386	0.0002307	0.0001665
1.4	0.24	1.4	1.399	0.0002315	0.0001654
1.44	0.24	1.413	1.413	0.0002311	0.0001636
1.48	0.24	1.427	1.426	0.0002295	0.0001609
1.52	0.24	1.44	1.44	0.0002264	0.0001572
1.56	0.24	1.454	1.454	0.0002218	0.0001526
1.6	0.24	1.468	1.468	0.0002155	0.0001468
1.64	0.24	1.483	1.482	0.0002072	0.0001398
1.68	0.24	1.497	1.497	0.0001967	0.0001314
1.72	0.24	1.511	1.511	0.0001839	0.0001217
1.76	0.24	1.526	1.526	0.0001683	0.0001103
1.8	0.24	1.54	1.54	0.0001498	9.727e-05
1.84	0.24	1.555	1.555	0.000128	8.233e-05
1.88	0.24	1.57	1.57	0.0001026	6.534e-05
1.92	0.24	1.585	1.585	7.309e-05	4.61e-05
1.96	0.24	1.601	1.601	3.905e-05	2.44e-05
0.04	0.28	1.011	1.011	9.161e-06	9.059e-06
0.08	0.28	1.023	1.023	1.832e-05	1.791e-05
0.12	0.28	1.034	1.034	2.748e-05	2.657e-05
0.16	0.28	1.046	1.046	3.663e-05	3.503e-05
0.2	0.28	1.058	1.058	4.579e-05	4.329e-05
0.24	0.28	1.07	1.07	5.494e-05	5.137e-05
0.28	0.28	1.082	1.082	6.409e-05	5.926e-05
0.32	0.28	1.094	1.094	7.324e-05	6.696e-05
0.36	0.28	1.106	1.106	8.239e-05	7.449e-05
0.4	0.28	1.119	1.119	9.153e-05	8.183e-05
0.44	0.28	1.131	1.131	0.0001007	8.9e-05
0.48	0.28	1.144	1.144	0.0001098	9.599e-05
0.52	0.28	1.157	1.157	0.0001189	0.0001028
0.56	0.28	1.17	1.17	0.000128	0.0001094
0.6	0.28	1.183	1.183	0.0001371	0.0001159
0.64	0.28	1.196	1.196	0.0001461	0.0001222
0.68	0.28	1.21	1.21	0.0001551	0.0001282
0.72	0.28	1.224	1.223	0.000164	0.0001341
0.76	0.28	1.237	1.237	0.0001729	0.0001397
0.8	0.28	1.251	1.251	0.0001816	0.0001452
0.84	0.28	1.265	1.265	0.0001902	0.0001503
0.88	0.28	1.28	1.279	0.0001987	0.0001553
0.92	0.28	1.294	1.294	0.0002069	0.0001599
0.96	0.28	1.309	1.308	0.0002149	0.0001643
1	0.28	1.323	1.323	0.0002226	0.0001683
1.04	0.28	1.338	1.338	0.00023	0.0001719
1.08	0.28	1.353	1.353	0.000237	0.0001752
1.12	0.28	1.369	1.368	0.0002436	0.000178
1.16	0.28	1.384	1.384	0.0002496	0.0001804
1.2	0.28	1.4	1.399	0.000255	0.0001822
1.24	0.28	1.415	1.415	0.0002597	0.0001835
1.28	0.28	1.431	1.431	0.0002635	0.0001842
1.32	0.28	1.447	1.447	0.0002665	0.0001842
1.36	0.28	1.464	1.463	0.0002684	0.0001834
1.4	0.28	1.48	1.48	0.0002692	0.0001819
1.44	0.28	1.497	1.497	0.0002686	0.0001795
1.48	0.28	1.514	1.513	0.0002666	0.0001761
1.52	0.28	1.531	1.531	0.0002629	0.0001718
1.56	0.28	1.548	1.548	0.0002574	0.0001663
1.6	0.28	1.565	1.565	0.0002498	0.0001596
1.64	0.28	1.583	1.583	0.00024	0.0001516
1.68	0.28	1.601	1.601	0.0002276	0.0001422
1.72	0.28	1.619	1.619	0.0002125	0.0001313
1.76	0.28	1.637	1.637	0.0001942	0.0001187
1.8	0.28	1.656	1.655	0.0001726	0.0001043
1.84	0.28	1.674	1.674	0.0001473	8.797e-05
1.88	0.28	1.693	1.693	0.0001177	6.955e-05
1.92	0.28	1.712	1.712	8.366e-05	4.887e-05
1.96	0.28	1.731	1.731	4.457e-05	2.575e-05
0.04	0.32	1.013	1.013	1.047e-05	1.034e-05
0.08	0.32	1.026	1.026	2.094e-05	2.041e-05
0.12	0.32	1.039	1.039	3.14e-05	3.022e-05
0.16	0.32	1.053	1.053	4.186e-05	3.977e-05
0.2	0.32	1.066	1.066	5.232e-05	4.908e-05
0.24	0.32	1.08	1.08	6.278e-05	5.814e-05
0.28	0.32	1.094	1.094	7.324e-05	6.696e-05
0.32	0.32	1.108	1.108	8.369e-05	7.555e-05
0.36	0.32	1.122	1.122	9.414e-05	8.39e-05
0.4	0.32	1.137	1.137	0.0001046	9.203e-05
0.44	0.32	1.151	1.151	0.000115	9.993e-05
0.48	0.32	1.166	1.166	0.0001255	0.0001076
0.52	0.32	1.181	1.181	0.0001359	0.0001151
0.56	0.32	1.196	1.196	0.0001463	0.0001223
0.6	0.32	1.212	1.212	0.0001566	0.0001293
0.64	0.32	1.227	1.227	0.000167	0.000136
0.68	0.32	1.243	1.243	0.0001772	0.0001426
0.72	0.32	1.259	1.259	0.0001874	0.0001489
0.76	0.32	1.276	1.275	0.0001975	0.0001549
0.8	0.32	1.292	1.292	0.0002075	0.0001606
0.84	0.32	1.309	1.308	0.0002173	0.0001661
0.88	0.32	1.325	1.325	0.000227	0.0001713
0.92	0.32	1.343	1.342	0.0002364	0.0001761
0.96	0.32	1.36	1.36	0.0002455	0.0001806
1	0.32	1.377	1.377	0.0002543	0.0001847
1.04	0.32	1.395	1.395	0.0002628	0.0001884
1.08	0.32	1.413	1.413	0.0002707	0.0001916
1.12	0.32	1.431	1.431	0.0002782	0.0001944
1.16	0.32	1.45	1.449	0.000285	0.0001966
1.2	0.32	1.468	1.468	0.0002911	0.0001983
1.24	0.32	1.487	1.487	0.0002964	0.0001993
1.28	0.32	1.507	1.506	0.0003008	0.0001997
1.32	0.32	1.526	1.526	0.0003041	0.0001993
1.36	0.32	1.546	1.545	0.0003062	0.0001982
1.4	0.32	1.565	1.565	0.000307	0.0001961
1.44	0.32	1.586	1.585	0.0003063	0.0001932
1.48	0.32	1.606	1.606	0.0003038	0.0001892
1.52	0.32	1.627	1.626	0.0002995	0.0001841
1.56	0.32	1.648	1.647	0.000293	0.0001779
1.6	0.32	1.669	1.669	0.0002842	0.0001703
1.64	0.32	1.69	1.69	0.0002728	0.0001614
1.68	0.32	1.712	1.712	0.0002586	0.000151
1.72	0.32	1.734	1.734	0.0002411	0.0001391
1.76	0.32	1.757	1.756	0.0002202	0.0001254
1.8	0.32	1.779	1.779	0.0001955	0.0001099
1.84	0.32	1.802	1.802	0.0001665	9.241e-05
1.88	0.32	1.825	1.825	0.0001329	7.283e-05
1.92	0.32	1.849	1.849	9.428e-05	5.1e-05
1.96	0.32	1.872	1.872	5.013e-05	2.678e-05
0.04	0.36	1.015	1.015	1.178e-05	1.161e-05
0.08	0.36	1.029	1.029	2.356e-05	2.289e-05
0.12	0.36	1.044	1.044	3.533e-05	3.383e-05
0.16	0.36	1.059	1.059	4.71e-05	4.446e-05
0.2	0.36	1.075	1.075	5.886e-05	5.477e-05
0.24	0.36	1.09	1.09	7.063e-05	6.478e-05
0.28	0.36	1.106	1.106	8.239e-05	7.449e-05
0.32	0.36	1.122	1.122	9.414e-05	8.39e-05
0.36	0.36	1.138	1.138	0.0001059	9.303e-05
0.4	0.36	1.155	1.155	0.0001177	0.0001019
0.44	0.36	1.172	1.172	0.0001294	0.0001104
0.48	0.36	1.189	1.189	0.0001411	0.0001187
0.52	0.36	1.206	1.206	0.0001528	0.0001268
0.56	0.36	1.224	1.223	0.0001645	0.0001345
0.6	0.36	1.241	1.241	0.0001762	0.000142
0.64	0.36	1.259	1.259	0.0001878	0.0001492
0.68	0.36	1.278	1.277	0.0001994	0.0001561
0.72	0.36	1.296	1.296	0.0002108	0.0001627
0.76	0.36	1.315	1.315	0.0002222	0.000169
0.8	0.36	1.334	1.334	0.0002334	0.000175
0.84	0.36	1.353	1.353	0.0002445	0.0001807
0.88	0.36	1.373	1.373	0.0002553	0.000186
0.92	0.36	1.393	1.393	0.0002659	0.0001909
0.96	0.36	1.413	1.413	0.0002762	0.0001955
1	0.36	1.434	1.433	0.0002861	0.0001996
1.04	0.36	1.454	1.454	0.0002956	0.0002033
1.08	0.36	1.476	1.475	0.0003045	0.0002064
1.12	0.36	1.497	1.497	0.0003129	0.0002091
1.16	0.36	1.519	1.518	0.0003206	0.0002111
1.2	0.36	1.541	1.54	0.0003274	0.0002126
1.24	0.36	1.563	1.563	0.0003334	0.0002133
1.28	0.36	1.586	1.585	0.0003382	0.0002134
1.32	0.36	1.609	1.608	0.0003419	0.0002126
1.36	0.36	1.632	1.632	0.0003442	0.000211
1.4	0.36	1.656	1.655	0.000345	0.0002084
1.44	0.36	1.68	1.679	0.0003441	0.0002049
1.48	0.36	1.704	1.704	0.0003413	0.0002003
1.52	0.36	1.729	1.728	0.0003363	0.0001946
1.56	0.36	1.754	1.753	0.0003289	0.0001876
1.6	0.36	1.779	1.779	0.0003189	0.0001793
1.64	0.36	1.805	1.805	0.0003059	0.0001695
1.68	0.36	1.831	1.831	0.0002898	0.0001583
1.72	0.36	1.858	1.857	0.0002701	0.0001454
1.76	0.36	1.885	1.884	0.0002464	0.0001308
1.8	0.36	1.912	1.912	0.0002185	0.0001143
1.84	0.36	1.94	1.939	0.000186	9.588e-05
1.88	0.36	1.968	1.968	0.0001483	7.536e-05
1.92	0.36	1.996	1.996	0.000105	5.263e-05
1.96	0.36	2.025	2.025	5.578e-05	2.755e-05
0.04	0.4	1.016	1.016	1.309e-05	1.288e-05
0.08	0.4	1.033	1.033	2.618e-05	2.535e-05
0.12	0.4	1.049	1.049	3.925e-05	3.742e-05
0.16	0.4	1.066	1.066	5.233e-05	4.908e-05
0.2	0.4	1.083	1.083	6.54e-05	6.037e-05
0.24	0.4	1.101	1.101	7.847e-05	7.128e-05
0.28	0.4	1.119	1.119	9.153e-05	8.183e-05
0.32	0.4	1.137	1.137	0.0001046	9.203e-05
0.36	0.4	1.155	1.155	0.0001177	0.0001019
0.4	0.4	1.174	1.174	0.0001307	0.0001114
0.44	0.4	1.193	1.192	0.0001438	0.0001206
0.48	0.4	1.212	1.212	0.0001568	0.0001294
0.52	0.4	1.231	1.231	0.0001698	0.0001379
0.56	0.4	1.251	1.251	0.0001828	0.0001461
0.6	0.4	1.271	1.271	0.0001958	0.000154
0.64	0.4	1.292	1.292	0.0002087	0.0001616
0.68	0.4	1.313	1.313	0.0002215	0.0001688
0.72	0.4	1.334	1.334	0.0002343	0.0001757
0.76	0.4	1.356	1.355	0.0002469	0.0001822
0.8	0.4	1.377	1.377	0.0002594	0.0001884
0.84	0.4	1.4	1.399	0.0002717	0.0001942
0.88	0.4	1.422	1.422	0.0002838	0.0001996
0.92	0.4	1.445	1.445	0.0002955	0.0002045
0.96	0.4	1.468	1.468	0.000307	0.0002091
1	0.4	1.492	1.492	0.000318	0.0002132
1.04	0.4	1.516	1.516	0.0003285	0.0002167
1.08	0.4	1.541	1.54	0.0003385	0.0002198
1.12	0.4	1.566	1.565	0.0003478	0.0002222
1.16	0.4	1.591	1.59	0.0003563	0.0002241
1.2	0.4	1.616	1.616	0.000364	0.0002252
1.24	0.4	1.643	1.642	0.0003706	0.0002257
1.28	0.4	1.669	1.669	0.000376	0.0002253
1.32	0.4	1.696	1.696	0.00038	0.0002241
1.36	0.4	1.723	1.723	0.0003826	0.0002221
1.4	0.4	1.751	1.751	0.0003834	0.000219
1.44	0.4	1.779	1.779	0.0003823	0.0002149
1.48	0.4	1.808	1.808	0.0003791	0.0002097
1.52	0.4	1.837	1.837	0.0003735	0.0002033
1.56	0.4	1.867	1.866	0.0003652	0.0001957
1.6	0.4	1.897	1.896	0.000354	0.0001867
1.64	0.4	1.927	1.927	0.0003395	0.0001762
1.68	0.4	1.958	1.958	0.0003214	0.0001641
1.72	0.4	1.99	1.99	0.0002994	0.0001505
1.76	0.4	2.022	2.022	0.0002731	0.0001351
1.8	0.4	2.055	2.054	0.000242	0.0001178
1.84	0.4	2.088	2.088	0.0002058	9.857e-05
1.88	0.4	2.121	2.121	0.0001639	7.729e-05
1.92	0.4	2.156	2.155	0.000116	5.384e-05
1.96	0.4	2.19	2.19	6.157e-05	2.811e-05
0.04	0.44	1.018	1.018	1.44e-05	1.415e-05
0.08	0.44	1.036	1.036	2.879e-05	2.78e-05
0.12	0.44	1.054	1.054	4.318e-05	4.096e-05
0.16	0.44	1.073	1.073	5.756e-05	5.365e-05
0.2	0.44	1.092	1.092	7.193e-05	6.587e-05
0.24	0.44	1.111	1.111	8.63e-05	7.765e-05
0.28	0.44	1.131	1.131	0.0001007	8.9e-05
0.32	0.44	1.151	1.151	0.000115	9.993e-05
0.36	0.44	1.172	1.172	0.0001294	0.0001104
0.4	0.44	1.193	1.192	0.0001438	0.0001206
0.44	0.44	1.214	1.214	0.0001581	0.0001303
0.48	0.44	1.235	1.235	0.0001725	0.0001396
0.52	0.44	1.257	1.257	0.0001868	0.0001486
0.56	0.44	1.28	1.279	0.0002011	0.0001572
0.6	0.44	1.302	1.302	0.0002154	0.0001654
0.64	0.44	1.325	1.325	0.0002296	0.0001732
0.68	0.44	1.349	1.349	0.0002437	0.0001807
0.72	0.44	1.373	1.373	0.0002578	0.0001878
0.76	0.44	1.397	1.397	0.0002717	0.0001945
0.8	0.44	1.422	1.422	0.0002854	0.0002007
0.84	0.44	1.447	1.447	0.000299	0.0002066
0.88	0.44	1.473	1.473	0.0003123	0.000212
0.92	0.44	1.499	1.499	0.0003253	0.000217
0.96	0.44	1.526	1.526	0.0003379	0.0002215
1	0.44	1.553	1.553	0.0003501	0.0002255
1.04	0.44	1.581	1.58	0.0003617	0.0002289
1.08	0.44	1.609	1.608	0.0003727	0.0002317
1.12	0.44	1.637	1.637	0.000383	0.000234
1.16	0.44	1.666	1.666	0.0003924	0.0002355
1.2	0.44	1.696	1.696	0.0004008	0.0002364
1.24	0.44	1.726	1.726	0.0004081	0.0002365
1.28	0.44	1.757	1.756	0.0004141	0.0002358
1.32	0.44	1.788	1.787	0.0004186	0.0002342
1.36	0.44	1.82	1.819	0.0004214	0.0002316
1.4	0.44	1.852	1.852	0.0004223	0.0002281
1.44	0.44	1.885	1.884	0.0004211	0.0002235
1.48	0.44	1.918	1.918	0.0004175	0.0002177
1.52	0.44	1.952	1.952	0.0004113	0.0002107
1.56	0.44	1.987	1.987	0.0004021	0.0002024
1.6	0.44	2.022	2.022	0.0003897	0.0001927
1.64	0.44	2.058	2.058	0.0003737	0.0001816
1.68	0.44	2.095	2.094	0.0003537	0.0001689
1.72	0.44	2.132	2.131	0.0003293	0.0001545
1.76	0.44	2.17	2.169	0.0003003	0.0001384
1.8	0.44	2.208	2.208	0.000266	0.0001205
1.84	0.44	2.247	2.247	0.0002261	0.0001006
1.88	0.44	2.287	2.287	0.00018	7.872e-05
1.92	0.44	2.328	2.328	0.0001274	5.472e-05
1.96	0.44	2.369	2.369	6.753e-05	2.851e-05
0.04	0.48	1.019	1.019	1.571e-05	1.541e-05
0.08	0.48	1.039	1.039	3.141e-05	3.023e-05
0.12	0.48	1.059	1.059	4.71e-05	4.447e-05
0.16	0.48	1.08	1.08	6.279e-05	5.814e-05
0.2	0.48	1.101	1.101	7.846e-05	7.128e-05
0.24	0.48	1.122	1.122	9.413e-05	8.389e-05
0.28	0.48	1.144	1.144	0.0001098	9.599e-05
0.32	0.48	1.166	1.166	0.0001255	0.0001076
0.36	0.48	1.189	1.189	0.0001411	0.0001187
0.4	0.48	1.212	1.212	0.0001568	0.0001294
0.44	0.48	1.235	1.235	0.0001725	0.0001396
0.48	0.48	1.259	1.259	0.0001881	0.0001494
0.52	0.48	1.284	1.284	0.0002037	0.0001587
0.56	0.48	1.309	1.308	0.0002194	0.0001677
0.6	0.48	1.334	1.334	0.0002349	0.0001761
0.64	0.48	1.36	1.36	0.0002505	0.0001842
0.68	0.48	1.386	1.386	0.0002659	0.0001919
0.72	0.48	1.413	1.413	0.0002813	0.0001991
0.76	0.48	1.441	1.44	0.0002965	0.0002059
0.8	0.48	1.468	1.468	0.0003115	0.0002122
0.84	0.48	1.497	1.497	0.0003264	0.0002181
0.88	0.48	1.526	1.526	0.0003409	0.0002235
0.92	0.48	1.556	1.555	0.0003552	0.0002284
0.96	0.48	1.586	1.585	0.000369	0.0002327
1	0.48	1.616	1.616	0.0003823	0.0002366
1.04	0.48	1.648	1.647	0.0003951	0.0002398
1.08	0.48	1.68	1.679	0.0004072	0.0002425
1.12	0.48	1.712	1.712	0.0004184	0.0002444
1.16	0.48	1.746	1.745	0.0004288	0.0002457
1.2	0.48	1.779	1.779	0.000438	0.0002462
1.24	0.48	1.814	1.813	0.000446	0.000246
1.28	0.48	1.849	1.849	0.0004526	0.0002449
1.32	0.48	1.885	1.884	0.0004576	0.0002428
1.36	0.48	1.921	1.921	0.0004607	0.0002398
1.4	0.48	1.959	1.958	0.0004618	0.0002358
1.44	0.48	1.997	1.996	0.0004605	0.0002307
1.48	0.48	2.035	2.035	0.0004566	0.0002244
1.52	0.48	2.075	2.074	0.0004498	0.0002168
1.56	0.48	2.115	2.114	0.0004397	0.000208
1.6	0.48	2.156	2.155	0.0004261	0.0001977
1.64	0.48	2.198	2.197	0.0004086	0.0001859
1.68	0.48	2.24	2.24	0.0003867	0.0001726
1.72	0.48	2.284	2.283	0.00036	0.0001577
1.76	0.48	2.328	2.328	0.0003282	0.000141
1.8	0.48	2.373	2.373	0.0002907	0.0001225
1.84	0.48	2.419	2.419	0.000247	0.0001021
1.88	0.48	2.466	2.466	0.0001966	7.975e-05
1.92	0.48	2.513	2.513	0.0001391	5.533e-05
1.96	0.48	2.562	2.562	7.371e-05	2.877e-05
0.04	0.52	1.021	1.021	1.702e-05	1.667e-05
0.08	0.52	1.043	1.042	3.403e-05	3.264e-05
0.12	0.52	1.064	1.064	5.102e-05	4.794e-05
0.16	0.52	1.087	1.087	6.801e-05	6.258e-05
0.2	0.52	1.11	1.11	8.498e-05	7.659e-05
0.24	0.52	1.133	1.133	0.000102	8.999e-05
0.28	0.52	1.157	1.157	0.0001189	0.0001028
0.32	0.52	1.181	1.181	0.0001359	0.0001151
0.36	0.52	1.206	1.206	0.0001528	0.0001268
0.4	0.52	1.231	1.231	0.0001698	0.0001379
0.44	0.52	1.257	1.257	0.0001868	0.0001486
0.48	0.52	1.284	1.284	0.0002037	0.0001587
0.52	0.52	1.311	1.31	0.0002207	0.0001684
0.56	0.52	1.338	1.338	0.0002376	0.0001776
0.6	0.52	1.366	1.366	0.0002545	0.0001863
0.64	0.52	1.395	1.395	0.0002714	0.0001945
0.68	0.52	1.424	1.424	0.0002881	0.0002023
0.72	0.52	1.454	1.454	0.0003048	0.0002096
0.76	0.52	1.485	1.485	0.0003213	0.0002164
0.8	0.52	1.516	1.516	0.0003377	0.0002228
0.84	0.52	1.548	1.548	0.0003538	0.0002286
0.88	0.52	1.581	1.58	0.0003697	0.0002339
0.92	0.52	1.614	1.613	0.0003852	0.0002387
0.96	0.52	1.648	1.647	0.0004002	0.000243
1	0.52	1.682	1.682	0.0004148	0.0002466
1.04	0.52	1.718	1.717	0.0004287	0.0002496
1.08	0.52	1.754	1.753	0.0004419	0.000252
1.12	0.52	1.791	1.79	0.0004542	0.0002537
1.16	0.52	1.828	1.828	0.0004656	0.0002547
1.2	0.52	1.867	1.866	0.0004757	0.0002549
1.24	0.52	1.906	1.906	0.0004845	0.0002542
1.28	0.52	1.946	1.946	0.0004917	0.0002527
1.32	0.52	1.987	1.987	0.0004972	0.0002503
1.36	0.52	2.029	2.028	0.0005007	0.0002469
1.4	0.52	2.071	2.071	0.0005019	0.0002424
1.44	0.52	2.115	2.114	0.0005006	0.0002368
1.48	0.52	2.159	2.159	0.0004964	0.0002299
1.52	0.52	2.205	2.204	0.0004891	0.0002219
1.56	0.52	2.251	2.251	0.0004782	0.0002125
1.6	0.52	2.298	2.298	0.0004635	0.0002017
1.64	0.52	2.347	2.346	0.0004444	0.0001894
1.68	0.52	2.396	2.396	0.0004206	0.0001756
1.72	0.52	2.446	2.446	0.0003916	0.0001601
1.76	0.52	2.498	2.497	0.000357	0.000143
1.8	0.52	2.55	2.55	0.0003162	0.000124
1.84	0.52	2.604	2.603	0.0002686	0.0001032
1.88	0.52	2.658	2.658	0.0002139	8.045e-05
1.92	0.52	2.714	2.714	0.0001512	5.572e-05
1.96	0.52	2.771	2.771	8.014e-05	2.892e-05
0.04	0.56	1.023	1.023	1.833e-05	1.793e-05
0.08	0.56	1.046	1.046	3.664e-05	3.504e-05
0.12	0.56	1.07	1.07	5.494e-05	5.137e-05
0.16	0.56	1.094	1.094	7.322e-05	6.694e-05
0.2	0.56	1.119	1.119	9.149e-05	8.18e-05
0.24	0.56	1.144	1.144	0.0001098	9.595e-05
0.28	0.56	1.17	1.17	0.000128	0.0001094
0.32	0.56	1.196	1.196	0.0001463	0.0001223
0.36	0.56	1.224	1.223	0.0001645	0.0001345
0.4	0.56	1.251	1.251	0.0001828	0.0001461
0.44	0.56	1.28	1.279	0.0002011	0.0001572
0.48	0.56	1.309	1.308	0.0002194	0.0001677
0.52	0.56	1.338	1.338	0.0002376	0.0001776
0.56	0.56	1.369	1.368	0.0002559	0.000187
0.6	0.56	1.4	1.399	0.0002741	0.0001959
0.64	0.56	1.431	1.431	0.0002923	0.0002042
0.68	0.56	1.464	1.463	0.0003104	0.0002121
0.72	0.56	1.497	1.497	0.0003284	0.0002194
0.76	0.56	1.531	1.531	0.0003463	0.0002262
0.8	0.56	1.566	1.565	0.0003639	0.0002325
0.84	0.56	1.601	1.601	0.0003814	0.0002383
0.88	0.56	1.637	1.637	0.0003986	0.0002435
0.92	0.56	1.674	1.674	0.0004154	0.0002481
0.96	0.56	1.712	1.712	0.0004317	0.0002522
1	0.56	1.751	1.751	0.0004475	0.0002556
1.04	0.56	1.791	1.79	0.0004626	0.0002584
1.08	0.56	1.831	1.831	0.000477	0.0002605
1.12	0.56	1.873	1.872	0.0004904	0.0002619
1.16	0.56	1.915	1.915	0.0005028	0.0002626
1.2	0.56	1.959	1.958	0.0005139	0.0002624
1.24	0.56	2.003	2.003	0.0005235	0.0002614
1.28	0.56	2.048	2.048	0.0005315	0.0002595
1.32	0.56	2.095	2.094	0.0005375	0.0002567
1.36	0.56	2.142	2.142	0.0005414	0.0002528
1.4	0.56	2.191	2.19	0.0005429	0.0002479
1.44	0.56	2.24	2.24	0.0005416	0.0002418
1.48	0.56	2.291	2.291	0.0005372	0.0002345
1.52	0.56	2.343	2.342	0.0005294	0.000226
1.56	0.56	2.396	2.396	0.0005178	0.0002161
1.6	0.56	2.45	2.45	0.0005019	0.0002049
1.64	0.56	2.506	2.505	0.0004813	0.0001921
1.68	0.56	2.562	2.562	0.0004556	0.0001778
1.72	0.56	2.62	2.62	0.0004243	0.0001619
1.76	0.56	2.68	2.679	0.0003868	0.0001444
1.8	0.56	2.74	2.74	0.0003426	0.000125
1.84	0.56	2.802	2.802	0.0002911	0.0001039
1.88	0.56	2.866	2.866	0.0002318	8.088e-05
1.92	0.56	2.931	2.931	0.0001639	5.593e-05
1.96	0.56	2.997	2.997	8.687e-05	2.899e-05
0.04	0.6	1.024	1.024	1.964e-05	1.917e-05
0.08	0.6	1.049	1.049	3.925e-05	3.741e-05
0.12	0.6	1.075	1.075	5.884e-05	5.476e-05
0.16	0.6	1.101	1.101	7.842e-05	7.124e-05
0.2	0.6	1.128	1.127	9.798e-05	8.69e-05
0.24	0.6	1.155	1.155	0.0001175	0.0001018
0.28	0.6	1.183	1.183	0.0001371	0.0001159
0.32	0.6	1.212	1.212	0.0001566	0.0001293
0.36	0.6	1.241	1.241	0.0001762	0.000142
0.4	0.6	1.271	1.271	0.0001958	0.000154
0.44	0.6	1.302	1.302	0.0002154	0.0001654
0.48	0.6	1.334	1.334	0.0002349	0.0001761
0.52	0.6	1.366	1.366	0.0002545	0.0001863
0.56	0.6	1.4	1.399	0.0002741	0.0001959
0.6	0.6	1.434	1.433	0.0002937	0.0002049
0.64	0.6	1.468	1.468	0.0003132	0.0002133
0.68	0.6	1.504	1.504	0.0003326	0.0002212
0.72	0.6	1.541	1.54	0.000352	0.0002285
0.76	0.6	1.578	1.578	0.0003712	0.0002353
0.8	0.6	1.616	1.616	0.0003902	0.0002415
0.84	0.6	1.656	1.655	0.0004091	0.0002471
0.88	0.6	1.696	1.696	0.0004276	0.0002522
0.92	0.6	1.737	1.737	0.0004457	0.0002566
0.96	0.6	1.779	1.779	0.0004634	0.0002605
1	0.6	1.823	1.822	0.0004804	0.0002637
1.04	0.6	1.867	1.866	0.0004968	0.0002662
1.08	0.6	1.912	1.912	0.0005124	0.000268
1.12	0.6	1.959	1.958	0.000527	0.0002691
1.16	0.6	2.006	2.006	0.0005405	0.0002695
1.2	0.6	2.055	2.054	0.0005526	0.000269
1.24	0.6	2.105	2.104	0.0005631	0.0002676
1.28	0.6	2.156	2.155	0.0005719	0.0002653
1.32	0.6	2.208	2.208	0.0005786	0.0002621
1.36	0.6	2.262	2.261	0.000583	0.0002578
1.4	0.6	2.317	2.316	0.0005848	0.0002525
1.44	0.6	2.373	2.373	0.0005836	0.000246
1.48	0.6	2.431	2.43	0.0005791	0.0002383
1.52	0.6	2.49	2.489	0.0005708	0.0002293
1.56	0.6	2.55	2.55	0.0005585	0.000219
1.6	0.6	2.612	2.612	0.0005415	0.0002073
1.64	0.6	2.676	2.675	0.0005195	0.0001942
1.68	0.6	2.741	2.74	0.0004919	0.0001795
1.72	0.6	2.807	2.807	0.0004582	0.0001632
1.76	0.6	2.875	2.875	0.0004178	0.0001453
1.8	0.6	2.945	2.945	0.0003702	0.0001257
1.84	0.6	3.017	3.016	0.0003146	0.0001043
1.88	0.6	3.09	3.089	0.0002505	8.109e-05
1.92	0.6	3.165	3.165	0.0001772	5.6e-05
1.96	0.6	3.241	3.241	9.394e-05	2.898e-05
0.04	0.64	1.026	1.026	2.094e-05	2.041e-05
0.08	0.64	1.053	1.053	4.185e-05	3.977e-05
0.12	0.64	1.08	1.08	6.274e-05	5.81e-05
0.16	0.64	1.108	1.108	8.36e-05	7.546e-05
0.2	0.64	1.137	1.137	0.0001044	9.19e-05
0.24	0.64	1.166	1.166	0.0001253	0.0001074
0.28	0.64	1.196	1.196	0.0001461	0.0001222
0.32	0.64	1.227	1.227	0.000167	0.000136
0.36	0.64	1.259	1.259	0.0001878	0.0001492
0.4	0.64	1.292	1.292	0.0002087	0.0001616
0.44	0.64	1.325	1.325	0.0002296	0.0001732
0.48	0.64	1.36	1.36	0.0002505	0.0001842
0.52	0.64	1.395	1.395	0.0002714	0.0001945
0.56	0.64	1.431	1.431	0.0002923	0.0002042
0.6	0.64	1.468	1.468	0.0003132	0.0002133
0.64	0.64	1.507	1.506	0.000334	0.0002218
0.68	0.64	1.546	1.545	0.0003548	0.0002296
0.72	0.64	1.586	1.585	0.0003756	0.0002369
0.76	0.64	1.627	1.626	0.0003962	0.0002436
0.8	0.64	1.669	1.669	0.0004166	0.0002497
0.84	0.64	1.712	1.712	0.0004368	0.0002552
0.88	0.64	1.757	1.756	0.0004567	0.00026
0.92	0.64	1.802	1.802	0.0004762	0.0002643
0.96	0.64	1.849	1.849	0.0004952	0.0002679
1	0.64	1.897	1.896	0.0005137	0.0002708
1.04	0.64	1.946	1.946	0.0005314	0.0002731
1.08	0.64	1.997	1.996	0.0005482	0.0002746
1.12	0.64	2.048	2.048	0.000564	0.0002754
1.16	0.64	2.102	2.101	0.0005787	0.0002754
1.2	0.64	2.156	2.155	0.0005918	0.0002746
1.24	0.64	2.212	2.211	0.0006034	0.0002729
1.28	0.64	2.269	2.269	0.000613	0.0002702
1.32	0.64	2.328	2.328	0.0006205	0.0002666
1.36	0.64	2.388	2.388	0.0006255	0.000262
1.4	0.64	2.45	2.45	0.0006277	0.0002562
1.44	0.64	2.514	2.513	0.0006267	0.0002493
1.48	0.64	2.579	2.578	0.0006221	0.0002413
1.52	0.64	2.646	2.645	0.0006135	0.0002319
1.56	0.64	2.715	2.714	0.0006004	0.0002212
1.6	0.64	2.785	2.784	0.0005824	0.0002092
1.64	0.64	2.857	2.857	0.000559	0.0001957
1.68	0.64	2.931	2.931	0.0005295	0.0001807
1.72	0.64	3.007	3.007	0.0004934	0.0001641
1.76	0.64	3.085	3.085	0.0004501	0.0001459
1.8	0.64	3.165	3.165	0.0003989	0.0001261
1.84	0.64	3.247	3.247	0.0003392	0.0001045
1.88	0.64	3.331	3.331	0.0002702	8.112e-05
1.92	0.64	3.417	3.417	0.0001912	5.595e-05
1.96	0.64	3.506	3.506	0.0001014	2.892e-05
0.04	0.68	1.028	1.028	2.224e-05	2.165e-05
0.08	0.68	1.056	1.056	4.445e-05	4.209e-05
0.12	0.68	1.085	1.085	6.661e-05	6.139e-05
0.16	0.68	1.115	1.115	8.876e-05	7.961e-05
0.2	0.68	1.146	1.146	0.0001109	9.678e-05
0.24	0.68	1.177	1.177	0.000133	0.000113
0.28	0.68	1.21	1.21	0.0001551	0.0001282
0.32	0.68	1.243	1.243	0.0001772	0.0001426
0.36	0.68	1.278	1.277	0.0001994	0.0001561
0.4	0.68	1.313	1.313	0.0002215	0.0001688
0.44	0.68	1.349	1.349	0.0002437	0.0001807
0.48	0.68	1.386	1.386	0.0002659	0.0001919
0.52	0.68	1.424	1.424	0.0002881	0.0002023
0.56	0.68	1.464	1.463	0.0003104	0.0002121
0.6	0.68	1.504	1.504	0.0003326	0.0002212
0.64	0.68	1.546	1.545	0.0003548	0.0002296
0.68	0.68	1.588	1.588	0.000377	0.0002374
0.72	0.68	1.632	1.632	0.0003991	0.0002446
0.76	0.68	1.677	1.677	0.0004211	0.0002512
0.8	0.68	1.723	1.723	0.000443	0.0002571
0.84	0.68	1.771	1.77	0.0004646	0.0002624
0.88	0.68	1.82	1.819	0.0004859	0.0002671
0.92	0.68	1.87	1.869	0.0005068	0.0002711
0.96	0.68	1.921	1.921	0.0005273	0.0002745
1	0.68	1.974	1.974	0.0005471	0.0002772
1.04	0.68	2.029	2.028	0.0005662	0.0002792
1.08	0.68	2.085	2.084	0.0005844	0.0002804
1.12	0.68	2.142	2.142	0.0006015	0.0002809
1.16	0.68	2.201	2.201	0.0006174	0.0002805
1.2	0.68	2.262	2.261	0.0006318	0.0002794
1.24	0.68	2.324	2.324	0.0006444	0.0002773
1.28	0.68	2.389	2.388	0.000655	0.0002743
1.32	0.68	2.454	2.454	0.0006633	0.0002703
1.36	0.68	2.522	2.521	0.000669	0.0002653
1.4	0.68	2.592	2.591	0.0006716	0.0002592
1.44	0.68	2.663	2.662	0.0006709	0.000252
1.48	0.68	2.736	2.736	0.0006663	0.0002436
1.52	0.68	2.812	2.811	0.0006575	0.0002339
1.56	0.68	2.889	2.889	0.0006438	0.0002229
1.6	0.68	2.969	2.968	0.0006249	0.0002105
1.64	0.68	3.051	3.05	0.0006	0.0001967
1.68	0.68	3.135	3.134	0.0005686	0.0001814
1.72	0.68	3.221	3.221	0.0005302	0.0001646
1.76	0.68	3.31	3.31	0.0004839	0.0001462
1.8	0.68	3.401	3.401	0.000429	0.0001262
1.84	0.68	3.495	3.495	0.000365	0.0001044
1.88	0.68	3.591	3.591	0.0002909	8.1e-05
1.92	0.68	3.69	3.69	0.0002059	5.58e-05
1.96	0.68	3.792	3.792	0.0001092	2.881e-05
0.04	0.72	1.029	1.029	2.354e-05	2.287e-05
0.08	0.72	1.059	1.059	4.702e-05	4.439e-05
0.12	0.72	1.09	1.09	7.047e-05	6.464e-05
0.16	0.72	1.122	1.122	9.388e-05	8.367e-05
0.2	0.72	1.155	1.155	0.0001173	0.0001015
0.24	0.72	1.189	1.189	0.0001407	0.0001183
0.28	0.72	1.224	1.223	0.000164	0.0001341
0.32	0.72	1.259	1.259	0.0001874	0.0001489
0.36	0.72	1.296	1.296	0.0002108	0.0001627
0.4	0.72	1.334	1.334	0.0002343	0.0001757
0.44	0.72	1.373	1.373	0.0002578	0.0001878
0.48	0.72	1.413	1.413	0.0002813	0.0001991
0.52	0.72	1.454	1.454	0.0003048	0.0002096
0.56	0.72	1.497	1.497	0.0003284	0.0002194
0.6	0.72	1.541	1.54	0.000352	0.0002285
0.64	0.72	1.586	1.585	0.0003756	0.0002369
0.68	0.72	1.632	1.632	0.0003991	0.0002446
0.72	0.72	1.68	1.679	0.0004227	0.0002517
0.76	0.72	1.729	1.728	0.0004461	0.0002581
0.8	0.72	1.779	1.779	0.0004694	0.0002638
0.84	0.72	1.831	1.831	0.0004924	0.000269
0.88	0.72	1.885	1.884	0.0005152	0.0002734
0.92	0.72	1.94	1.939	0.0005376	0.0002772
0.96	0.72	1.997	1.996	0.0005595	0.0002803
1	0.72	2.055	2.054	0.0005808	0.0002827
1.04	0.72	2.115	2.114	0.0006013	0.0002844
1.08	0.72	2.177	2.176	0.0006209	0.0002853
1.12	0.72	2.24	2.24	0.0006395	0.0002855
1.16	0.72	2.306	2.305	0.0006567	0.0002848
1.2	0.72	2.373	2.373	0.0006723	0.0002834
1.24	0.72	2.443	2.442	0.0006861	0.000281
1.28	0.72	2.514	2.513	0.0006978	0.0002776
1.32	0.72	2.587	2.587	0.0007071	0.0002733
1.36	0.72	2.663	2.662	0.0007135	0.000268
1.4	0.72	2.741	2.74	0.0007168	0.0002616
1.44	0.72	2.821	2.82	0.0007164	0.000254
1.48	0.72	2.903	2.903	0.000712	0.0002453
1.52	0.72	2.988	2.987	0.0007029	0.0002353
1.56	0.72	3.075	3.075	0.0006888	0.000224
1.6	0.72	3.165	3.165	0.0006689	0.0002114
1.64	0.72	3.258	3.257	0.0006427	0.0001973
1.68	0.72	3.353	3.352	0.0006094	0.0001818
1.72	0.72	3.451	3.45	0.0005685	0.0001648
1.76	0.72	3.551	3.551	0.0005192	0.0001462
1.8	0.72	3.655	3.655	0.0004607	0.000126
1.84	0.72	3.762	3.761	0.0003921	0.0001042
1.88	0.72	3.872	3.871	0.0003127	8.076e-05
1.92	0.72	3.985	3.984	0.0002214	5.558e-05
1.96	0.72	4.101	4.101	0.0001176	2.866e-05
0.04	0.76	1.031	1.031	2.482e-05	2.408e-05
0.08	0.76	1.063	1.063	4.958e-05	4.666e-05
0.12	0.76	1.096	1.095	7.429e-05	6.782e-05
0.16	0.76	1.129	1.129	9.896e-05	8.763e-05
0.2	0.76	1.164	1.164	0.0001236	0.0001062
0.24	0.76	1.2	1.2	0.0001482	0.0001235
0.28	0.76	1.237	1.237	0.0001729	0.0001397
0.32	0.76	1.276	1.275	0.0001975	0.0001549
0.36	0.76	1.315	1.315	0.0002222	0.000169
0.4	0.76	1.356	1.355	0.0002469	0.0001822
0.44	0.76	1.397	1.397	0.0002717	0.0001945
0.48	0.76	1.441	1.44	0.0002965	0.0002059
0.52	0.76	1.485	1.485	0.0003213	0.0002164
0.56	0.76	1.531	1.531	0.0003463	0.0002262
0.6	0.76	1.578	1.578	0.0003712	0.0002353
0.64	0.76	1.627	1.626	0.0003962	0.0002436
0.68	0.76	1.677	1.677	0.0004211	0.0002512
0.72	0.76	1.729	1.728	0.0004461	0.0002581
0.76	0.76	1.782	1.782	0.000471	0.0002643
0.8	0.76	1.837	1.837	0.0004957	0.0002699
0.84	0.76	1.894	1.893	0.0005202	0.0002748
0.88	0.76	1.952	1.952	0.0005445	0.000279
0.92	0.76	2.013	2.012	0.0005684	0.0002825
0.96	0.76	2.075	2.074	0.0005919	0.0002853
1	0.76	2.139	2.138	0.0006147	0.0002875
1.04	0.76	2.205	2.204	0.0006367	0.0002889
1.08	0.76	2.273	2.272	0.0006578	0.0002895
1.12	0.76	2.343	2.342	0.0006778	0.0002894
1.16	0.76	2.415	2.415	0.0006965	0.0002884
1.2	0.76	2.49	2.489	0.0007135	0.0002866
1.24	0.76	2.567	2.566	0.0007286	0.0002839
1.28	0.76	2.646	2.645	0.0007415	0.0002803
1.32	0.76	2.728	2.727	0.0007518	0.0002757
1.36	0.76	2.812	2.811	0.0007591	0.00027
1.4	0.76	2.899	2.898	0.0007631	0.0002633
1.44	0.76	2.988	2.987	0.0007633	0.0002555
1.48	0.76	3.08	3.08	0.0007591	0.0002465
1.52	0.76	3.175	3.175	0.0007499	0.0002362
1.56	0.76	3.273	3.273	0.0007353	0.0002247
1.6	0.76	3.374	3.374	0.0007146	0.0002118
1.64	0.76	3.478	3.478	0.0006871	0.0001976
1.68	0.76	3.586	3.585	0.000652	0.0001819
1.72	0.76	3.696	3.696	0.0006087	0.0001647
1.76	0.76	3.81	3.81	0.0005563	0.000146
1.8	0.76	3.928	3.927	0.0004939	0.0001258
1.84	0.76	4.049	4.049	0.0004207	0.0001039
1.88	0.76	4.174	4.174	0.0003357	8.042e-05
1.92	0.76	4.303	4.303	0.0002379	5.529e-05
1.96	0.76	4.435	4.435	0.0001264	2.849e-05
0.04	0.8	1.033	1.033	2.61e-05	2.527e-05
0.08	0.8	1.066	1.066	5.212e-05	4.889e-05
0.12	0.8	1.101	1.101	7.808e-05	7.093e-05
0.16	0.8	1.137	1.137	0.000104	9.149e-05
0.2	0.8	1.174	1.174	0.0001299	0.0001107
0.24	0.8	1.212	1.212	0.0001557	0.0001285
0.28	0.8	1.251	1.251	0.0001816	0.0001452
0.32	0.8	1.292	1.292	0.0002075	0.0001606
0.36	0.8	1.334	1.334	0.0002334	0.000175
0.4	0.8	1.377	1.377	0.0002594	0.0001884
0.44	0.8	1.422	1.422	0.0002854	0.0002007
0.48	0.8	1.468	1.468	0.0003115	0.0002122
0.52	0.8	1.516	1.516	0.0003377	0.0002228
0.56	0.8	1.566	1.565	0.0003639	0.0002325
0.6	0.8	1.616	1.616	0.0003902	0.0002415
0.64	0.8	1.669	1.669	0.0004166	0.0002497
0.68	0.8	1.723	1.723	0.000443	0.0002571
0.72	0.8	1.779	1.779	0.0004694	0.0002638
0.76	0.8	1.837	1.837	0.0004957	0.0002699
0.8	0.8	1.897	1.896	0.0005219	0.0002752
0.84	0.8	1.959	1.958	0.000548	0.0002799
0.88	0.8	2.022	2.022	0.0005738	0.0002838
0.92	0.8	2.088	2.088	0.0005993	0.0002871
0.96	0.8	2.156	2.155	0.0006243	0.0002896
1	0.8	2.226	2.226	0.0006487	0.0002915
1.04	0.8	2.299	2.298	0.0006724	0.0002926
1.08	0.8	2.373	2.373	0.0006951	0.000293
1.12	0.8	2.451	2.45	0.0007166	0.0002925
1.16	0.8	2.53	2.529	0.0007368	0.0002913
1.2	0.8	2.612	2.612	0.0007553	0.0002892
1.24	0.8	2.697	2.697	0.0007718	0.0002862
1.28	0.8	2.785	2.784	0.000786	0.0002823
1.32	0.8	2.876	2.875	0.0007975	0.0002774
1.36	0.8	2.969	2.968	0.0008059	0.0002715
1.4	0.8	3.066	3.065	0.0008108	0.0002645
1.44	0.8	3.165	3.165	0.0008115	0.0002564
1.48	0.8	3.268	3.267	0.0008077	0.0002472
1.52	0.8	3.374	3.374	0.0007986	0.0002367
1.56	0.8	3.484	3.483	0.0007837	0.000225
1.6	0.8	3.597	3.597	0.0007622	0.0002119
1.64	0.8	3.714	3.714	0.0007334	0.0001975
1.68	0.8	3.835	3.834	0.0006966	0.0001817
1.72	0.8	3.96	3.959	0.0006508	0.0001644
1.76	0.8	4.088	4.088	0.0005952	0.0001456
1.8	0.8	4.221	4.221	0.0005289	0.0001253
1.84	0.8	4.358	4.358	0.0004508	0.0001035
1.88	0.8	4.5	4.5	0.00036	8.001e-05
1.92	0.8	4.646	4.646	0.0002554	5.496e-05
1.96	0.8	4.797	4.797	0.0001357	2.83e-05
0.04	0.84	1.034	1.034	2.736e-05	2.645e-05
0.08	0.84	1.07	1.07	5.462e-05	5.107e-05
0.12	0.84	1.106	1.106	8.181e-05	7.397e-05
0.16	0.84	1.144	1.144	0.0001089	9.524e-05
0.2	0.84	1.183	1.183	0.000136	0.000115
0.24	0.84	1.224	1.223	0.0001631	0.0001333
0.28	0.84	1.265	1.265	0.0001902	0.0001503
0.32	0.84	1.309	1.308	0.0002173	0.0001661
0.36	0.84	1.353	1.353	0.0002445	0.0001807
0.4	0.84	1.4	1.399	0.0002717	0.0001942
0.44	0.84	1.447	1.447	0.000299	0.0002066
0.48	0.84	1.497	1.497	0.0003264	0.0002181
0.52	0.84	1.548	1.548	0.0003538	0.0002286
0.56	0.84	1.601	1.601	0.0003814	0.0002383
0.6	0.84	1.656	1.655	0.0004091	0.0002471
0.64	0.84	1.712	1.712	0.0004368	0.0002552
0.68	0.84	1.771	1.77	0.0004646	0.0002624
0.72	0.84	1.831	1.831	0.0004924	0.000269
0.76	0.84	1.894	1.893	0.0005202	0.0002748
0.8	0.84	1.959	1.958	0.000548	0.0002799
0.84	0.84	2.026	2.025	0.0005756	0.0002842
0.88	0.84	2.095	2.094	0.000603	0.0002879
0.92	0.84	2.166	2.166	0.0006301	0.0002909
0.96	0.84	2.24	2.24	0.0006568	0.0002932
1	0.84	2.317	2.316	0.0006828	0.0002948
1.04	0.84	2.396	2.396	0.0007082	0.0002956
1.08	0.84	2.478	2.477	0.0007325	0.0002957
1.12	0.84	2.563	2.562	0.0007558	0.000295
1.16	0.84	2.65	2.65	0.0007776	0.0002935
1.2	0.84	2.741	2.74	0.0007976	0.0002911
1.24	0.84	2.835	2.834	0.0008157	0.0002879
1.28	0.84	2.931	2.931	0.0008314	0.0002837
1.32	0.84	3.032	3.031	0.0008442	0.0002786
1.36	0.84	3.135	3.134	0.0008538	0.0002724
1.4	0.84	3.242	3.241	0.0008597	0.0002652
1.44	0.84	3.353	3.352	0.0008612	0.0002569
1.48	0.84	3.468	3.467	0.0008579	0.0002475
1.52	0.84	3.586	3.585	0.000849	0.0002368
1.56	0.84	3.708	3.708	0.0008339	0.0002249
1.6	0.84	3.835	3.834	0.0008117	0.0002117
1.64	0.84	3.966	3.965	0.0007818	0.0001972
1.68	0.84	4.102	4.101	0.0007432	0.0001812
1.72	0.84	4.242	4.241	0.000695	0.0001639
1.76	0.84	4.387	4.386	0.0006362	0.0001451
1.8	0.84	4.536	4.536	0.0005658	0.0001247
1.84	0.84	4.691	4.691	0.0004827	0.0001029
1.88	0.84	4.851	4.851	0.0003858	7.953e-05
1.92	0.84	5.017	5.017	0.0002739	5.459e-05
1.96	0.84	5.188	5.188	0.0001457	2.809e-05
0.04	0.88	1.036	1.036	2.86e-05	2.761e-05
0.08	0.88	1.073	1.073	5.709e-05	5.321e-05
0.12	0.88	1.111	1.111	8.548e-05	7.692e-05
0.16	0.88	1.151	1.151	0.0001138	9.887e-05
0.2	0.88	1.193	1.192	0.0001421	0.0001192
0.24	0.88	1.235	1.235	0.0001704	0.0001379
0.28	0.88	1.28	1.279	0.0001987	0.0001553
0.32	0.88	1.325	1.325	0.000227	0.0001713
0.36	0.88	1.373	1.373	0.0002553	0.000186
0.4	0.88	1.422	1.422	0.0002838	0.0001996
0.44	0.88	1.473	1.473	0.0003123	0.000212
0.48	0.88	1.526	1.526	0.0003409	0.0002235
0.52	0.88	1.581	1.58	0.0003697	0.0002339
0.56	0.88	1.637	1.637	0.0003986	0.0002435
0.6	0.88	1.696	1.696	0.0004276	0.0002522
0.64	0.88	1.757	1.756	0.0004567	0.00026
0.68	0.88	1.82	1.819	0.0004859	0.0002671
0.72	0.88	1.885	1.884	0.0005152	0.0002734
0.76	0.88	1.952	1.952	0.0005445	0.000279
0.8	0.88	2.022	2.022	0.0005738	0.0002838
0.84	0.88	2.095	2.094	0.000603	0.0002879
0.88	0.88	2.17	2.169	0.0006321	0.0002914
0.92	0.88	2.248	2.247	0.0006608	0.0002941
0.96	0.88	2.328	2.328	0.0006892	0.0002961
1	0.88	2.412	2.411	0.000717	0.0002974
1.04	0.88	2.498	2.497	0.000744	0.0002979
1.08	0.88	2.588	2.587	0.0007702	0.0002977
1.12	0.88	2.68	2.679	0.0007952	0.0002968
1.16	0.88	2.776	2.775	0.0008187	0.000295
1.2	0.88	2.876	2.875	0.0008406	0.0002924
1.24	0.88	2.979	2.978	0.0008603	0.0002889
1.28	0.88	3.085	3.085	0.0008775	0.0002845
1.32	0.88	3.196	3.195	0.0008919	0.0002791
1.36	0.88	3.31	3.31	0.0009028	0.0002728
1.4	0.88	3.429	3.428	0.0009099	0.0002654
1.44	0.88	3.552	3.551	0.0009124	0.0002569
1.48	0.88	3.679	3.678	0.0009097	0.0002473
1.52	0.88	3.811	3.81	0.0009012	0.0002365
1.56	0.88	3.947	3.946	0.000886	0.0002245
1.6	0.88	4.089	4.088	0.0008633	0.0002112
1.64	0.88	4.235	4.234	0.0008323	0.0001966
1.68	0.88	4.387	4.386	0.000792	0.0001806
1.72	0.88	4.544	4.543	0.0007414	0.0001632
1.76	0.88	4.706	4.706	0.0006793	0.0001444
1.8	0.88	4.875	4.874	0.0006048	0.0001241
1.84	0.88	5.05	5.049	0.0005165	0.0001023
1.88	0.88	5.23	5.23	0.0004132	7.9e-05
1.92	0.88	5.418	5.417	0.0002936	5.42e-05
1.96	0.88	5.612	5.611	0.0001563	2.786e-05
0.04	0.92	1.038	1.037	2.982e-05	2.874e-05
0.08	0.92	1.076	1.076	5.95e-05	5.528e-05
0.12	0.92	1.117	1.117	8.908e-05	7.977e-05
0.16	0.92	1.159	1.159	0.0001186	0.0001024
0.2	0.92	1.202	1.202	0.000148	0.0001232
0.24	0.92	1.247	1.247	0.0001775	0.0001423
0.28	0.92	1.294	1.294	0.0002069	0.0001599
0.32	0.92	1.343	1.342	0.0002364	0.0001761
0.36	0.92	1.393	1.393	0.0002659	0.0001909
0.4	0.92	1.445	1.445	0.0002955	0.0002045
0.44	0.92	1.499	1.499	0.0003253	0.000217
0.48	0.92	1.556	1.555	0.0003552	0.0002284
0.52	0.92	1.614	1.613	0.0003852	0.0002387
0.56	0.92	1.674	1.674	0.0004154	0.0002481
0.6	0.92	1.737	1.737	0.0004457	0.0002566
0.64	0.92	1.802	1.802	0.0004762	0.0002643
0.68	0.92	1.87	1.869	0.0005068	0.0002711
0.72	0.92	1.94	1.939	0.0005376	0.0002772
0.76	0.92	2.013	2.012	0.0005684	0.0002825
0.8	0.92	2.088	2.088	0.0005993	0.0002871
0.84	0.92	2.166	2.166	0.0006301	0.0002909
0.88	0.92	2.248	2.247	0.0006608	0.0002941
0.92	0.92	2.332	2.331	0.0006913	0.0002965
0.96	0.92	2.419	2.419	0.0007214	0.0002983
1	0.92	2.51	2.509	0.000751	0.0002993
1.04	0.92	2.604	2.603	0.0007799	0.0002996
1.08	0.92	2.702	2.701	0.0008079	0.0002991
1.12	0.92	2.803	2.802	0.0008348	0.0002979
1.16	0.92	2.908	2.907	0.0008602	0.0002959
1.2	0.92	3.017	3.016	0.0008839	0.0002931
1.24	0.92	3.13	3.129	0.0009055	0.0002894
1.28	0.92	3.247	3.247	0.0009245	0.0002848
1.32	0.92	3.369	3.368	0.0009405	0.0002792
1.36	0.92	3.495	3.495	0.000953	0.0002727
1.4	0.92	3.626	3.626	0.0009614	0.0002652
1.44	0.92	3.762	3.761	0.000965	0.0002565
1.48	0.92	3.903	3.902	0.0009632	0.0002468
1.52	0.92	4.05	4.049	0.0009551	0.0002359
1.56	0.92	4.201	4.2	0.0009401	0.0002238
1.6	0.92	4.359	4.358	0.000917	0.0002104
1.64	0.92	4.522	4.521	0.0008851	0.0001958
1.68	0.92	4.692	4.691	0.0008431	0.0001797
1.72	0.92	4.867	4.867	0.0007901	0.0001623
1.76	0.92	5.05	5.049	0.0007248	0.0001435
1.8	0.92	5.239	5.238	0.0006459	0.0001233
1.84	0.92	5.435	5.435	0.0005522	0.0001016
1.88	0.92	5.639	5.638	0.0004422	7.843e-05
1.92	0.92	5.85	5.85	0.0003146	5.378e-05
1.96	0.92	6.069	6.069	0.0001677	2.763e-05
0.04	0.96	1.039	1.039	3.101e-05	2.984e-05
0.08	0.96	1.08	1.08	6.186e-05	5.729e-05
0.12	0.96	1.122	1.122	9.259e-05	8.252e-05
0.16	0.96	1.166	1.166	0.0001232	0.0001057
0.2	0.96	1.212	1.212	0.0001538	0.0001269
0.24	0.96	1.259	1.259	0.0001843	0.0001464
0.28	0.96	1.309	1.308	0.0002149	0.0001643
0.32	0.96	1.36	1.36	0.0002455	0.0001806
0.36	0.96	1.413	1.413	0.0002762	0.0001955
0.4	0.96	1.468	1.468	0.000307	0.0002091
0.44	0.96	1.526	1.526	0.0003379	0.0002215
0.48	0.96	1.586	1.585	0.000369	0.0002327
0.52	0.96	1.648	1.647	0.0004002	0.000243
0.56	0.96	1.712	1.712	0.0004317	0.0002522
0.6	0.96	1.779	1.779	0.0004634	0.0002605
0.64	0.96	1.849	1.849	0.0004952	0.0002679
0.68	0.96	1.921	1.921	0.0005273	0.0002745
0.72	0.96	1.997	1.996	0.0005595	0.0002803
0.76	0.96	2.075	2.074	0.0005919	0.0002853
0.8	0.96	2.156	2.155	0.0006243	0.0002896
0.84	0.96	2.24	2.24	0.0006568	0.0002932
0.88	0.96	2.328	2.328	0.0006892	0.0002961
0.92	0.96	2.419	2.419	0.0007214	0.0002983
0.96	0.96	2.514	2.513	0.0007533	0.0002997
1	0.96	2.612	2.612	0.0007848	0.0003005
1.04	0.96	2.715	2.714	0.0008156	0.0003005
1.08	0.96	2.821	2.82	0.0008456	0.0002998
1.12	0.96	2.931	2.931	0.0008745	0.0002984
1.16	0.96	3.046	3.045	0.0009019	0.0002962
1.2	0.96	3.165	3.165	0.0009276	0.0002931
1.24	0.96	3.289	3.288	0.0009511	0.0002892
1.28	0.96	3.418	3.417	0.0009721	0.0002845
1.32	0.96	3.552	3.551	0.0009899	0.0002788
1.36	0.96	3.691	3.69	0.001004	0.0002721
1.4	0.96	3.835	3.834	0.001014	0.0002645
1.44	0.96	3.985	3.984	0.001019	0.0002557
1.48	0.96	4.141	4.14	0.001018	0.0002459
1.52	0.96	4.304	4.303	0.001011	0.000235
1.56	0.96	4.472	4.471	0.0009961	0.0002228
1.6	0.96	4.647	4.646	0.0009729	0.0002094
1.64	0.96	4.829	4.828	0.0009401	0.0001947
1.68	0.96	5.018	5.017	0.0008966	0.0001787
1.72	0.96	5.214	5.213	0.0008412	0.0001614
1.76	0.96	5.418	5.417	0.0007726	0.0001426
1.8	0.96	5.63	5.629	0.0006894	0.0001225
1.84	0.96	5.85	5.85	0.0005901	0.0001009
1.88	0.96	6.079	6.079	0.0004731	7.783e-05
1.92	0.96	6.317	6.317	0.0003369	5.334e-05
1.96	0.96	6.564	6.564	0.0001798	2.739e-05
0.04	1	1.041	1.041	3.217e-05	3.09e-05
0.08	1	1.083	1.083	6.415e-05	5.922e-05
0.12	1	1.128	1.127	9.599e-05	8.513e-05
0.16	1	1.174	1.174	0.0001277	0.0001088
0.2	1	1.222	1.221	0.0001594	0.0001305
0.24	1	1.271	1.271	0.000191	0.0001502
0.28	1	1.323	1.323	0.0002226	0.0001683
0.32	1	1.377	1.377	0.0002543	0.0001847
0.36	1	1.434	1.433	0.0002861	0.0001996
0.4	1	1.492	1.492	0.000318	0.0002132
0.44	1	1.553	1.553	0.0003501	0.0002255
0.48	1	1.616	1.616	0.0003823	0.0002366
0.52	1	1.682	1.682	0.0004148	0.0002466
0.56	1	1.751	1.751	0.0004475	0.0002556
0.6	1	1.823	1.822	0.0004804	0.0002637
0.64	1	1.897	1.896	0.0005137	0.0002708
0.68	1	1.974	1.974	0.0005471	0.0002772
0.72	1	2.055	2.054	0.0005808	0.0002827
0.76	1	2.139	2.138	0.0006147	0.0002875
0.8	1	2.226	2.226	0.0006487	0.0002915
0.84	1	2.317	2.316	0.0006828	0.0002948
0.88	1	2.412	2.411	0.000717	0.0002974
0.92	1	2.51	2.509	0.000751	0.0002993
0.96	1	2.612	2.612	0.0007848	0.0003005
1	1	2.719	2.718	0.0008182	0.000301
1.04	1	2.83	2.829	0.0008511	0.0003008
1.08	1	2.946	2.945	0.0008831	0.0002999
1.12	1	3.066	3.065	0.0009141	0.0002982
1.16	1	3.191	3.19	0.0009436	0.0002958
1.2	1	3.321	3.32	0.0009715	0.0002926
1.24	1	3.457	3.456	0.0009971	0.0002886
1.28	1	3.598	3.597	0.00102	0.0002836
1.32	1	3.744	3.743	0.00104	0.0002778
1.36	1	3.897	3.896	0.001056	0.0002711
1.4	1	4.056	4.055	0.001068	0.0002633
1.44	1	4.222	4.221	0.001074	0.0002546
1.48	1	4.394	4.393	0.001075	0.0002447
1.52	1	4.573	4.572	0.001069	0.0002337
1.56	1	4.76	4.759	0.001054	0.0002215
1.6	1	4.954	4.953	0.001031	0.0002081
1.64	1	5.156	5.155	0.0009975	0.0001935
1.68	1	5.367	5.366	0.0009526	0.0001775
1.72	1	5.585	5.585	0.0008949	0.0001603
1.76	1	5.813	5.812	0.000823	0.0001416
1.8	1	6.05	6.05	0.0007353	0.0001215
1.84	1	6.297	6.297	0.0006302	0.0001001
1.88	1	6.554	6.554	0.0005059	7.72e-05
1.92	1	6.821	6.821	0.0003607	5.289e-05
1.96	1	7.1	7.099	0.0001927	2.715e-05
0.04	1.04	1.043	1.042	3.328e-05	3.193e-05
0.08	1.04	1.087	1.087	6.635e-05	6.106e-05
0.12	1.04	1.133	1.133	9.925e-05	8.761e-05
0.16	1.04	1.181	1.181	0.000132	0.0001118
0.2	1.04	1.231	1.231	0.0001647	0.0001338
0.24	1.04	1.284	1.284	0.0001974	0.0001538
0.28	1.04	1.338	1.338	0.00023	0.0001719
0.32	1.04	1.395	1.395	0.0002628	0.0001884
0.36	1.04	1.454	1.454	0.0002956	0.0002033
0.4	1.04	1.516	1.516	0.0003285	0.0002167
0.44	1.04	1.581	1.58	0.0003617	0.0002289
0.48	1.04	1.648	1.647	0.0003951	0.0002398
0.52	1.04	1.718	1.717	0.0004287	0.0002496
0.56	1.04	1.791	1.79	0.0004626	0.0002584
0.6	1.04	1.867	1.866	0.0004968	0.0002662
0.64	1.04	1.946	1.946	0.0005314	0.0002731
0.68	1.04	2.029	2.028	0.0005662	0.0002792
0.72	1.04	2.115	2.114	0.0006013	0.0002844
0.76	1.04	2.205	2.204	0.0006367	0.0002889
0.8	1.04	2.299	2.298	0.0006724	0.0002926
0.84	1.04	2.396	2.396	0.0007082	0.0002956
0.88	1.04	2.498	2.497	0.000744	0.0002979
0.92	1.04	2.604	2.603	0.0007799	0.0002996
0.96	1.04	2.715	2.714	0.0008156	0.0003005
1	1.04	2.83	2.829	0.0008511	0.0003008
1.04	1.04	2.95	2.949	0.000886	0.0003004
1.08	1.04	3.076	3.075	0.0009202	0.0002993
1.12	1.04	3.206	3.205	0.0009533	0.0002974
1.16	1.04	3.342	3.341	0.0009852	0.0002948
1.2	1.04	3.484	3.483	0.001015	0.0002915
1.24	1.04	3.632	3.631	0.001043	0.0002873
1.28	1.04	3.787	3.786	0.001069	0.0002823
1.32	1.04	3.947	3.946	0.001091	0.0002764
1.36	1.04	4.115	4.114	0.001109	0.0002696
1.4	1.04	4.29	4.289	0.001123	0.0002618
1.44	1.04	4.472	4.471	0.001131	0.000253
1.48	1.04	4.662	4.661	0.001133	0.0002431
1.52	1.04	4.86	4.859	0.001128	0.0002321
1.56	1.04	5.066	5.065	0.001114	0.00022
1.6	1.04	5.281	5.28	0.001091	0.0002067
1.64	1.04	5.506	5.505	0.001057	0.0001921
1.68	1.04	5.74	5.739	0.001011	0.0001762
1.72	1.04	5.983	5.982	0.0009513	0.000159
1.76	1.04	6.237	6.236	0.0008761	0.0001405
1.8	1.04	6.502	6.501	0.0007838	0.0001206
1.84	1.04	6.778	6.777	0.0006727	9.925e-05
1.88	1.04	7.066	7.065	0.0005408	7.654e-05
1.92	1.04	7.366	7.365	0.0003861	5.242e-05
1.96	1.04	7.679	7.678	0.0002066	2.69e-05
0.04	1.08	1.044	1.044	3.435e-05	3.29e-05
0.08	1.08	1.09	1.09	6.846e-05	6.279e-05
0.12	1.08	1.138	1.138	0.0001024	8.992e-05
0.16	1.08	1.189	1.189	0.0001361	0.0001145
0.2	1.08	1.241	1.241	0.0001698	0.0001368
0.24	1.08	1.296	1.296	0.0002034	0.000157
0.28	1.08	1.353	1.353	0.000237	0.0001752
0.32	1.08	1.413	1.413	0.0002707	0.0001916
0.36	1.08	1.476	1.475	0.0003045	0.0002064
0.4	1.08	1.541	1.54	0.0003385	0.0002198
0.44	1.08	1.609	1.608	0.0003727	0.0002317
0.48	1.08	1.68	1.679	0.0004072	0.0002425
0.52	1.08	1.754	1.753	0.0004419	0.000252
0.56	1.08	1.831	1.831	0.000477	0.0002605
0.6	1.08	1.912	1.912	0.0005124	0.000268
0.64	1.08	1.997	1.996	0.0005482	0.0002746
0.68	1.08	2.085	2.084	0.0005844	0.0002804
0.72	1.08	2.177	2.176	0.0006209	0.0002853
0.76	1.08	2.273	2.272	0.0006578	0.0002895
0.8	1.08	2.373	2.373	0.0006951	0.000293
0.84	1.08	2.478	2.477	0.0007325	0.0002957
0.88	1.08	2.588	2.587	0.0007702	0.0002977
0.92	1.08	2.702	2.701	0.0008079	0.0002991
0.96	1.08	2.821	2.82	0.0008456	0.0002998
1	1.08	2.946	2.945	0.0008831	0.0002999
1.04	1.08	3.076	3.075	0.0009202	0.0002993
1.08	1.08	3.211	3.21	0.0009566	0.000298
1.12	1.08	3.353	3.352	0.0009921	0.000296
1.16	1.08	3.501	3.5	0.001026	0.0002932
1.2	1.08	3.656	3.655	0.001059	0.0002897
1.24	1.08	3.817	3.816	0.001089	0.0002855
1.28	1.08	3.986	3.984	0.001117	0.0002804
1.32	1.08	4.161	4.16	0.001142	0.0002744
1.36	1.08	4.345	4.344	0.001162	0.0002676
1.4	1.08	4.537	4.536	0.001178	0.0002598
1.44	1.08	4.737	4.736	0.001189	0.000251
1.48	1.08	4.946	4.945	0.001193	0.0002412
1.52	1.08	5.165	5.163	0.001189	0.0002302
1.56	1.08	5.393	5.391	0.001176	0.0002182
1.6	1.08	5.631	5.629	0.001154	0.0002049
1.64	1.08	5.879	5.878	0.001119	0.0001904
1.68	1.08	6.138	6.137	0.001072	0.0001747
1.72	1.08	6.409	6.408	0.00101	0.0001576
1.76	1.08	6.692	6.691	0.0009318	0.0001393
1.8	1.08	6.987	6.987	0.000835	0.0001195
1.84	1.08	7.296	7.295	0.0007177	9.838e-05
1.88	1.08	7.618	7.617	0.0005778	7.586e-05
1.92	1.08	7.954	7.953	0.0004132	5.195e-05
1.96	1.08	8.305	8.305	0.0002214	2.666e-05
0.04	1.12	1.046	1.046	3.536e-05	3.381e-05
0.08	1.12	1.094	1.094	7.044e-05	6.44e-05
0.12	1.12	1.144	1.144	0.0001053	9.205e-05
0.16	1.12	1.196	1.196	0.00014	0.000117
0.2	1.12	1.251	1.251	0.0001745	0.0001395
0.24	1.12	1.309	1.308	0.000209	0.0001598
0.28	1.12	1.369	1.368	0.0002436	0.000178
0.32	1.12	1.431	1.431	0.0002782	0.0001944
0.36	1.12	1.497	1.497	0.0003129	0.0002091
0.4	1.12	1.566	1.565	0.0003478	0.0002222
0.44	1.12	1.637	1.637	0.000383	0.000234
0.48	1.12	1.712	1.712	0.0004184	0.0002444
0.52	1.12	1.791	1.79	0.0004542	0.0002537
0.56	1.12	1.873	1.872	0.0004904	0.0002619
0.6	1.12	1.959	1.958	0.000527	0.0002691
0.64	1.12	2.048	2.048	0.000564	0.0002754
0.68	1.12	2.142	2.142	0.0006015	0.0002809
0.72	1.12	2.24	2.24	0.0006395	0.0002855
0.76	1.12	2.343	2.342	0.0006778	0.0002894
0.8	1.12	2.451	2.45	0.0007166	0.0002925
0.84	1.12	2.563	2.562	0.0007558	0.000295
0.88	1.12	2.68	2.679	0.0007952	0.0002968
0.92	1.12	2.803	2.802	0.0008348	0.0002979
0.96	1.12	2.931	2.931	0.0008745	0.0002984
1	1.12	3.066	3.065	0.0009141	0.0002982
1.04	1.12	3.206	3.205	0.0009533	0.0002974
1.08	1.12	3.353	3.352	0.0009921	0.000296
1.12	1.12	3.507	3.506	0.00103	0.0002938
1.16	1.12	3.667	3.666	0.001067	0.000291
1.2	1.12	3.835	3.834	0.001102	0.0002874
1.24	1.12	4.011	4.01	0.001135	0.000283
1.28	1.12	4.195	4.194	0.001165	0.0002779
1.32	1.12	4.387	4.386	0.001193	0.0002719
1.36	1.12	4.588	4.587	0.001216	0.0002651
1.4	1.12	4.798	4.797	0.001234	0.0002573
1.44	1.12	5.018	5.017	0.001247	0.0002486
1.48	1.12	5.248	5.247	0.001253	0.0002388
1.52	1.12	5.488	5.487	0.001251	0.000228
1.56	1.12	5.74	5.739	0.00124	0.0002161
1.6	1.12	6.003	6.001	0.001218	0.0002029
1.64	1.12	6.278	6.276	0.001184	0.0001886
1.68	1.12	6.565	6.564	0.001136	0.000173
1.72	1.12	6.866	6.865	0.001072	0.0001562
1.76	1.12	7.18	7.179	0.0009904	0.0001379
1.8	1.12	7.509	7.508	0.0008889	0.0001184
1.84	1.12	7.853	7.852	0.0007653	9.746e-05
1.88	1.12	8.213	8.212	0.0006171	7.515e-05
1.92	1.12	8.589	8.588	0.000442	5.146e-05
1.96	1.12	8.982	8.982	0.0002372	2.641e-05
0.04	1.16	1.048	1.047	3.631e-05	3.466e-05
0.08	1.16	1.097	1.097	7.229e-05	6.588e-05
0.12	1.16	1.149	1.149	0.000108	9.397e-05
0.16	1.16	1.204	1.204	0.0001435	0.0001192
0.2	1.16	1.261	1.261	0.0001789	0.0001419
0.24	1.16	1.321	1.321	0.0002142	0.0001622
0.28	1.16	1.384	1.384	0.0002496	0.0001804
0.32	1.16	1.45	1.449	0.000285	0.0001966
0.36	1.16	1.519	1.518	0.0003206	0.0002111
0.4	1.16	1.591	1.59	0.0003563	0.0002241
0.44	1.16	1.666	1.666	0.0003924	0.0002355
0.48	1.16	1.746	1.745	0.0004288	0.0002457
0.52	1.16	1.828	1.828	0.0004656	0.0002547
0.56	1.16	1.915	1.915	0.0005028	0.0002626
0.6	1.16	2.006	2.006	0.0005405	0.0002695
0.64	1.16	2.102	2.101	0.0005787	0.0002754
0.68	1.16	2.201	2.201	0.0006174	0.0002805
0.72	1.16	2.306	2.305	0.0006567	0.0002848
0.76	1.16	2.415	2.415	0.0006965	0.0002884
0.8	1.16	2.53	2.529	0.0007368	0.0002913
0.84	1.16	2.65	2.65	0.0007776	0.0002935
0.88	1.16	2.776	2.775	0.0008187	0.000295
0.92	1.16	2.908	2.907	0.0008602	0.0002959
0.96	1.16	3.046	3.045	0.0009019	0.0002962
1	1.16	3.191	3.19	0.0009436	0.0002958
1.04	1.16	3.342	3.341	0.0009852	0.0002948
1.08	1.16	3.501	3.5	0.001026	0.0002932
1.12	1.16	3.667	3.666	0.001067	0.000291
1.16	1.16	3.842	3.84	0.001106	0.000288
1.2	1.16	4.024	4.023	0.001144	0.0002844
1.24	1.16	4.215	4.214	0.00118	0.00028
1.28	1.16	4.415	4.414	0.001213	0.0002749
1.32	1.16	4.625	4.624	0.001243	0.0002689
1.36	1.16	4.845	4.843	0.001269	0.0002621
1.4	1.16	5.075	5.073	0.001291	0.0002544
1.44	1.16	5.316	5.314	0.001306	0.0002458
1.48	1.16	5.568	5.567	0.001314	0.0002361
1.52	1.16	5.832	5.831	0.001315	0.0002254
1.56	1.16	6.109	6.108	0.001305	0.0002137
1.6	1.16	6.399	6.398	0.001284	0.0002007
1.64	1.16	6.703	6.702	0.00125	0.0001866
1.68	1.16	7.021	7.02	0.001202	0.0001712
1.72	1.16	7.355	7.354	0.001136	0.0001545
1.76	1.16	7.704	7.703	0.001052	0.0001365
1.8	1.16	8.07	8.069	0.0009456	0.0001172
1.84	1.16	8.453	8.452	0.0008156	9.649e-05
1.88	1.16	8.854	8.853	0.0006588	7.442e-05
1.92	1.16	9.274	9.274	0.0004727	5.097e-05
1.96	1.16	9.715	9.714	0.0002541	2.615e-05
0.04	1.2	1.049	1.049	3.718e-05	3.543e-05
0.08	1.2	1.101	1.101	7.398e-05	6.721e-05
0.12	1.2	1.155	1.155	0.0001105	9.566e-05
0.16	1.2	1.212	1.212	0.0001467	0.0001211
0.2	1.2	1.271	1.271	0.0001829	0.0001439
0.24	1.2	1.334	1.334	0.0002189	0.0001641
0.28	1.2	1.4	1.399	0.000255	0.0001822
0.32	1.2	1.468	1.468	0.0002911	0.0001983
0.36	1.2	1.541	1.54	0.0003274	0.0002126
0.4	1.2	1.616	1.616	0.000364	0.0002252
0.44	1.2	1.696	1.696	0.0004008	0.0002364
0.48	1.2	1.779	1.779	0.000438	0.0002462
0.52	1.2	1.867	1.866	0.0004757	0.0002549
0.56	1.2	1.959	1.958	0.0005139	0.0002624
0.6	1.2	2.055	2.054	0.0005526	0.000269
0.64	1.2	2.156	2.155	0.0005918	0.0002746
0.68	1.2	2.262	2.261	0.0006318	0.0002794
0.72	1.2	2.373	2.373	0.0006723	0.0002834
0.76	1.2	2.49	2.489	0.0007135	0.0002866
0.8	1.2	2.612	2.612	0.0007553	0.0002892
0.84	1.2	2.741	2.74	0.0007976	0.0002911
0.88	1.2	2.876	2.875	0.0008406	0.0002924
0.92	1.2	3.017	3.016	0.0008839	0.0002931
0.96	1.2	3.165	3.165	0.0009276	0.0002931
1	1.2	3.321	3.32	0.0009715	0.0002926
1.04	1.2	3.484	3.483	0.001015	0.0002915
1.08	1.2	3.656	3.655	0.001059	0.0002897
1.12	1.2	3.835	3.834	0.001102	0.0002874
1.16	1.2	4.024	4.023	0.001144	0.0002844
1.2	1.2	4.222	4.221	0.001185	0.0002807
1.24	1.2	4.429	4.428	0.001224	0.0002763
1.28	1.2	4.647	4.646	0.00126	0.0002712
1.32	1.2	4.876	4.874	0.001293	0.0002653
1.36	1.2	5.115	5.114	0.001322	0.0002586
1.4	1.2	5.367	5.366	0.001347	0.000251
1.44	1.2	5.631	5.629	0.001365	0.0002425
1.48	1.2	5.908	5.906	0.001376	0.000233
1.52	1.2	6.198	6.197	0.001379	0.0002225
1.56	1.2	6.503	6.501	0.001371	0.0002109
1.6	1.2	6.822	6.821	0.001352	0.0001982
1.64	1.2	7.158	7.156	0.001319	0.0001843
1.68	1.2	7.51	7.508	0.00127	0.0001692
1.72	1.2	7.879	7.877	0.001203	0.0001527
1.76	1.2	8.266	8.265	0.001116	0.000135
1.8	1.2	8.672	8.671	0.001005	0.0001159
1.84	1.2	9.098	9.098	0.0008686	9.547e-05
1.88	1.2	9.546	9.545	0.000703	7.365e-05
1.92	1.2	10.01	10.01	0.0005053	5.046e-05
1.96	1.2	10.51	10.51	0.0002721	2.59e-05
0.04	1.24	1.051	1.051	3.795e-05	3.612e-05
0.08	1.24	1.104	1.104	7.548e-05	6.835e-05
0.12	1.24	1.161	1.16	0.0001127	9.709e-05
0.16	1.24	1.22	1.219	0.0001496	0.0001227
0.2	1.24	1.282	1.281	0.0001863	0.0001454
0.24	1.24	1.347	1.347	0.000223	0.0001656
0.28	1.24	1.415	1.415	0.0002597	0.0001835
0.32	1.24	1.487	1.487	0.0002964	0.0001993
0.36	1.24	1.563	1.563	0.0003334	0.0002133
0.4	1.24	1.643	1.642	0.0003706	0.0002257
0.44	1.24	1.726	1.726	0.0004081	0.0002365
0.48	1.24	1.814	1.813	0.000446	0.000246
0.52	1.24	1.906	1.906	0.0004845	0.0002542
0.56	1.24	2.003	2.003	0.0005235	0.0002614
0.6	1.24	2.105	2.104	0.0005631	0.0002676
0.64	1.24	2.212	2.211	0.0006034	0.0002729
0.68	1.24	2.324	2.324	0.0006444	0.0002773
0.72	1.24	2.443	2.442	0.0006861	0.000281
0.76	1.24	2.567	2.566	0.0007286	0.0002839
0.8	1.24	2.697	2.697	0.0007718	0.0002862
0.84	1.24	2.835	2.834	0.0008157	0.0002879
0.88	1.24	2.979	2.978	0.0008603	0.0002889
0.92	1.24	3.13	3.129	0.0009055	0.0002894
0.96	1.24	3.289	3.288	0.0009511	0.0002892
1	1.24	3.457	3.456	0.0009971	0.0002886
1.04	1.24	3.632	3.631	0.001043	0.0002873
1.08	1.24	3.817	3.816	0.001089	0.0002855
1.12	1.24	4.011	4.01	0.001135	0.000283
1.16	1.24	4.215	4.214	0.00118	0.00028
1.2	1.24	4.429	4.428	0.001224	0.0002763
1.24	1.24	4.655	4.653	0.001266	0.000272
1.28	1.24	4.891	4.89	0.001305	0.0002669
1.32	1.24	5.14	5.139	0.001342	0.0002611
1.36	1.24	5.401	5.4	0.001374	0.0002545
1.4	1.24	5.676	5.675	0.001402	0.0002471
1.44	1.24	5.965	5.963	0.001424	0.0002388
1.48	1.24	6.268	6.266	0.001438	0.0002295
1.52	1.24	6.586	6.585	0.001443	0.0002192
1.56	1.24	6.921	6.92	0.001438	0.0002079
1.6	1.24	7.273	7.272	0.001421	0.0001954
1.64	1.24	7.643	7.642	0.001389	0.0001818
1.68	1.24	8.031	8.03	0.00134	0.0001669
1.72	1.24	8.44	8.438	0.001272	0.0001508
1.76	1.24	8.869	8.868	0.001182	0.0001333
1.8	1.24	9.32	9.318	0.001067	0.0001145
1.84	1.24	9.793	9.792	0.0009243	9.439e-05
1.88	1.24	10.29	10.29	0.0007496	7.285e-05
1.92	1.24	10.81	10.81	0.0005399	4.993e-05
1.96	1.24	11.36	11.36	0.0002913	2.564e-05
0.04	1.28	1.053	1.053	3.863e-05	3.67e-05
0.08	1.28	1.108	1.108	7.677e-05	6.93e-05
0.12	1.28	1.166	1.166	0.0001145	9.822e-05
0.16	1.28	1.227	1.227	0.000152	0.0001238
0.2	1.28	1.292	1.292	0.0001892	0.0001465
0.24	1.28	1.36	1.36	0.0002264	0.0001665
0.28	1.28	1.431	1.431	0.0002635	0.0001842
0.32	1.28	1.507	1.506	0.0003008	0.0001997
0.36	1.28	1.586	1.585	0.0003382	0.0002134
0.4	1.28	1.669	1.669	0.000376	0.0002253
0.44	1.28	1.757	1.756	0.0004141	0.0002358
0.48	1.28	1.849	1.849	0.0004526	0.0002449
0.52	1.28	1.946	1.946	0.0004917	0.0002527
0.56	1.28	2.048	2.048	0.0005315	0.0002595
0.6	1.28	2.156	2.155	0.0005719	0.0002653
0.64	1.28	2.269	2.269	0.000613	0.0002702
0.68	1.28	2.389	2.388	0.000655	0.0002743
0.72	1.28	2.514	2.513	0.0006978	0.0002776
0.76	1.28	2.646	2.645	0.0007415	0.0002803
0.8	1.28	2.785	2.784	0.000786	0.0002823
0.84	1.28	2.931	2.931	0.0008314	0.0002837
0.88	1.28	3.085	3.085	0.0008775	0.0002845
0.92	1.28	3.247	3.247	0.0009245	0.0002848
0.96	1.28	3.418	3.417	0.0009721	0.0002845
1	1.28	3.598	3.597	0.00102	0.0002836
1.04	1.28	3.787	3.786	0.001069	0.0002823
1.08	1.28	3.986	3.984	0.001117	0.0002804
1.12	1.28	4.195	4.194	0.001165	0.0002779
1.16	1.28	4.415	4.414	0.001213	0.0002749
1.2	1.28	4.647	4.646	0.00126	0.0002712
1.24	1.28	4.891	4.89	0.001305	0.0002669
1.28	1.28	5.148	5.147	0.001348	0.000262
1.32	1.28	5.419	5.417	0.001388	0.0002563
1.36	1.28	5.703	5.702	0.001425	0.0002498
1.4	1.28	6.003	6.001	0.001456	0.0002426
1.44	1.28	6.318	6.317	0.001481	0.0002345
1.48	1.28	6.65	6.649	0.001499	0.0002255
1.52	1.28	6.999	6.998	0.001508	0.0002154
1.56	1.28	7.367	7.365	0.001505	0.0002044
1.6	1.28	7.754	7.752	0.00149	0.0001922
1.64	1.28	8.161	8.16	0.00146	0.0001789
1.68	1.28	8.59	8.588	0.001412	0.0001644
1.72	1.28	9.041	9.039	0.001343	0.0001486
1.76	1.28	9.516	9.514	0.001251	0.0001315
1.8	1.28	10.02	10.01	0.001132	0.0001131
1.84	1.28	10.54	10.54	0.0009826	9.323e-05
1.88	1.28	11.09	11.09	0.0007988	7.2e-05
1.92	1.28	11.68	11.68	0.0005766	4.938e-05
1.96	1.28	12.29	12.29	0.0003118	2.537e-05
0.04	1.32	1.054	1.054	3.918e-05	3.717e-05
0.08	1.32	1.111	1.111	7.782e-05	7.002e-05
0.12	1.32	1.172	1.172	0.000116	9.902e-05
0.16	1.32	1.235	1.235	0.0001539	0.0001246
0.2	1.32	1.302	1.302	0.0001915	0.0001471
0.24	1.32	1.373	1.373	0.000229	0.0001668
0.28	1.32	1.447	1.447	0.0002665	0.0001842
0.32	1.32	1.526	1.526	0.0003041	0.0001993
0.36	1.32	1.609	1.608	0.0003419	0.0002126
0.4	1.32	1.696	1.696	0.00038	0.0002241
0.44	1.32	1.788	1.787	0.0004186	0.0002342
0.48	1.32	1.885	1.884	0.0004576	0.0002428
0.52	1.32	1.987	1.987	0.0004972	0.0002503
0.56	1.32	2.095	2.094	0.0005375	0.0002567
0.6	1.32	2.208	2.208	0.0005786	0.0002621
0.64	1.32	2.328	2.328	0.0006205	0.0002666
0.68	1.32	2.454	2.454	0.0006633	0.0002703
0.72	1.32	2.587	2.587	0.0007071	0.0002733
0.76	1.32	2.728	2.727	0.0007518	0.0002757
0.8	1.32	2.876	2.875	0.0007975	0.0002774
0.84	1.32	3.032	3.031	0.0008442	0.0002786
0.88	1.32	3.196	3.195	0.0008919	0.0002791
0.92	1.32	3.369	3.368	0.0009405	0.0002792
0.96	1.32	3.552	3.551	0.0009899	0.0002788
1	1.32	3.744	3.743	0.00104	0.0002778
1.04	1.32	3.947	3.946	0.001091	0.0002764
1.08	1.32	4.161	4.16	0.001142	0.0002744
1.12	1.32	4.387	4.386	0.001193	0.0002719
1.16	1.32	4.625	4.624	0.001243	0.0002689
1.2	1.32	4.876	4.874	0.001293	0.0002653
1.24	1.32	5.14	5.139	0.001342	0.0002611
1.28	1.32	5.419	5.417	0.001388	0.0002563
1.32	1.32	5.712	5.711	0.001432	0.0002508
1.36	1.32	6.022	6.021	0.001472	0.0002445
1.4	1.32	6.349	6.347	0.001508	0.0002375
1.44	1.32	6.693	6.691	0.001537	0.0002297
1.48	1.32	7.056	7.054	0.001558	0.0002209
1.52	1.32	7.438	7.436	0.001571	0.0002112
1.56	1.32	7.841	7.84	0.001572	0.0002005
1.6	1.32	8.266	8.265	0.00156	0.0001887
1.64	1.32	8.714	8.713	0.001532	0.0001758
1.68	1.32	9.187	9.185	0.001485	0.0001617
1.72	1.32	9.685	9.683	0.001416	0.0001462
1.76	1.32	10.21	10.21	0.001322	0.0001295
1.8	1.32	10.76	10.76	0.001199	0.0001114
1.84	1.32	11.35	11.35	0.001043	9.197e-05
1.88	1.32	11.96	11.96	0.0008503	7.109e-05
1.92	1.32	12.61	12.61	0.0006152	4.879e-05
1.96	1.32	13.29	13.29	0.0003335	2.509e-05
0.04	1.36	1.056	1.056	3.961e-05	3.751e-05
0.08	1.36	1.115	1.115	7.859e-05	7.049e-05
0.12	1.36	1.177	1.177	0.0001171	9.945e-05
0.16	1.36	1.243	1.243	0.0001552	0.0001248
0.2	1.36	1.313	1.313	0.000193	0.0001471
0.24	1.36	1.386	1.386	0.0002307	0.0001665
0.28	1.36	1.464	1.463	0.0002684	0.0001834
0.32	1.36	1.546	1.545	0.0003062	0.0001982
0.36	1.36	1.632	1.632	0.0003442	0.000211
0.4	1.36	1.723	1.723	0.0003826	0.0002221
0.44	1.36	1.82	1.819	0.0004214	0.0002316
0.48	1.36	1.921	1.921	0.0004607	0.0002398
0.52	1.36	2.029	2.028	0.0005007	0.0002469
0.56	1.36	2.142	2.142	0.0005414	0.0002528
0.6	1.36	2.262	2.261	0.000583	0.0002578
0.64	1.36	2.388	2.388	0.0006255	0.000262
0.68	1.36	2.522	2.521	0.000669	0.0002653
0.72	1.36	2.663	2.662	0.0007135	0.000268
0.76	1.36	2.812	2.811	0.0007591	0.00027
0.8	1.36	2.969	2.968	0.0008059	0.0002715
0.84	1.36	3.135	3.134	0.0008538	0.0002724
0.88	1.36	3.31	3.31	0.0009028	0.0002728
0.92	1.36	3.495	3.495	0.000953	0.0002727
0.96	1.36	3.691	3.69	0.001004	0.0002721
1	1.36	3.897	3.896	0.001056	0.0002711
1.04	1.36	4.115	4.114	0.001109	0.0002696
1.08	1.36	4.345	4.344	0.001162	0.0002676
1.12	1.36	4.588	4.587	0.001216	0.0002651
1.16	1.36	4.845	4.843	0.001269	0.0002621
1.2	1.36	5.115	5.114	0.001322	0.0002586
1.24	1.36	5.401	5.4	0.001374	0.0002545
1.28	1.36	5.703	5.702	0.001425	0.0002498
1.32	1.36	6.022	6.021	0.001472	0.0002445
1.36	1.36	6.359	6.357	0.001516	0.0002385
1.4	1.36	6.714	6.713	0.001556	0.0002318
1.44	1.36	7.09	7.088	0.001589	0.0002242
1.48	1.36	7.486	7.484	0.001615	0.0002158
1.52	1.36	7.904	7.903	0.001632	0.0002065
1.56	1.36	8.346	8.344	0.001637	0.0001962
1.6	1.36	8.813	8.811	0.001628	0.0001848
1.64	1.36	9.305	9.304	0.001603	0.0001723
1.68	1.36	9.825	9.824	0.001558	0.0001586
1.72	1.36	10.37	10.37	0.00149	0.0001436
1.76	1.36	10.95	10.95	0.001395	0.0001273
1.8	1.36	11.57	11.57	0.001268	0.0001097
1.84	1.36	12.21	12.21	0.001107	9.061e-05
1.88	1.36	12.9	12.89	0.0009041	7.011e-05
1.92	1.36	13.62	13.62	0.0006559	4.817e-05
1.96	1.36	14.38	14.38	0.0003564	2.479e-05
0.04	1.4	1.058	1.058	3.987e-05	3.77e-05
0.08	1.4	1.119	1.119	7.905e-05	7.068e-05
0.12	1.4	1.183	1.183	0.0001177	9.948e-05
0.16	1.4	1.251	1.251	0.0001559	0.0001246
0.2	1.4	1.323	1.323	0.0001938	0.0001464
0.24	1.4	1.4	1.399	0.0002315	0.0001654
0.28	1.4	1.48	1.48	0.0002692	0.0001819
0.32	1.4	1.565	1.565	0.000307	0.0001961
0.36	1.4	1.656	1.655	0.000345	0.0002084
0.4	1.4	1.751	1.751	0.0003834	0.000219
0.44	1.4	1.852	1.852	0.0004223	0.0002281
0.48	1.4	1.959	1.958	0.0004618	0.0002358
0.52	1.4	2.071	2.071	0.0005019	0.0002424
0.56	1.4	2.191	2.19	0.0005429	0.0002479
0.6	1.4	2.317	2.316	0.0005848	0.0002525
0.64	1.4	2.45	2.45	0.0006277	0.0002562
0.68	1.4	2.592	2.591	0.0006716	0.0002592
0.72	1.4	2.741	2.74	0.0007168	0.0002616
0.76	1.4	2.899	2.898	0.0007631	0.0002633
0.8	1.4	3.066	3.065	0.0008108	0.0002645
0.84	1.4	3.242	3.241	0.0008597	0.0002652
0.88	1.4	3.429	3.428	0.0009099	0.0002654
0.92	1.4	3.626	3.626	0.0009614	0.0002652
0.96	1.4	3.835	3.834	0.001014	0.0002645
1	1.4	4.056	4.055	0.001068	0.0002633
1.04	1.4	4.29	4.289	0.001123	0.0002618
1.08	1.4	4.537	4.536	0.001178	0.0002598
1.12	1.4	4.798	4.797	0.001234	0.0002573
1.16	1.4	5.075	5.073	0.001291	0.0002544
1.2	1.4	5.367	5.366	0.001347	0.000251
1.24	1.4	5.676	5.675	0.001402	0.0002471
1.28	1.4	6.003	6.001	0.001456	0.0002426
1.32	1.4	6.349	6.347	0.001508	0.0002375
1.36	1.4	6.714	6.713	0.001556	0.0002318
1.4	1.4	7.101	7.099	0.0016	0.0002253
1.44	1.4	7.51	7.508	0.001638	0.0002181
1.48	1.4	7.942	7.941	0.001668	0.0002101
1.52	1.4	8.4	8.398	0.00169	0.0002012
1.56	1.4	8.883	8.882	0.001699	0.0001913
1.6	1.4	9.395	9.393	0.001695	0.0001804
1.64	1.4	9.936	9.934	0.001673	0.0001684
1.68	1.4	10.51	10.51	0.00163	0.0001552
1.72	1.4	11.11	11.11	0.001563	0.0001407
1.76	1.4	11.75	11.75	0.001468	0.0001249
1.8	1.4	12.43	12.43	0.001339	0.0001077
1.84	1.4	13.15	13.14	0.001171	8.911e-05
1.88	1.4	13.9	13.9	0.0009599	6.905e-05
1.92	1.4	14.7	14.7	0.0006984	4.75e-05
1.96	1.4	15.55	15.55	0.0003806	2.448e-05
0.04	1.44	1.059	1.059	3.997e-05	3.773e-05
0.08	1.44	1.122	1.122	7.916e-05	7.055e-05
0.12	1.44	1.189	1.189	0.0001177	9.904e-05
0.16	1.44	1.259	1.259	0.0001558	0.0001237
0.2	1.44	1.334	1.334	0.0001936	0.0001451
0.24	1.44	1.413	1.413	0.0002311	0.0001636
0.28	1.44	1.497	1.497	0.0002686	0.0001795
0.32	1.44	1.586	1.585	0.0003063	0.0001932
0.36	1.44	1.68	1.679	0.0003441	0.0002049
0.4	1.44	1.779	1.779	0.0003823	0.0002149
0.44	1.44	1.885	1.884	0.0004211	0.0002235
0.48	1.44	1.997	1.996	0.0004605	0.0002307
0.52	1.44	2.115	2.114	0.0005006	0.0002368
0.56	1.44	2.24	2.24	0.0005416	0.0002418
0.6	1.44	2.373	2.373	0.0005836	0.000246
0.64	1.44	2.514	2.513	0.0006267	0.0002493
0.68	1.44	2.663	2.662	0.0006709	0.000252
0.72	1.44	2.821	2.82	0.0007164	0.000254
0.76	1.44	2.988	2.987	0.0007633	0.0002555
0.8	1.44	3.165	3.165	0.0008115	0.0002564
0.84	1.44	3.353	3.352	0.0008612	0.0002569
0.88	1.44	3.552	3.551	0.0009124	0.0002569
0.92	1.44	3.762	3.761	0.000965	0.0002565
0.96	1.44	3.985	3.984	0.001019	0.0002557
1	1.44	4.222	4.221	0.001074	0.0002546
1.04	1.44	4.472	4.471	0.001131	0.000253
1.08	1.44	4.737	4.736	0.001189	0.000251
1.12	1.44	5.018	5.017	0.001247	0.0002486
1.16	1.44	5.316	5.314	0.001306	0.0002458
1.2	1.44	5.631	5.629	0.001365	0.0002425
1.24	1.44	5.965	5.963	0.001424	0.0002388
1.28	1.44	6.318	6.317	0.001481	0.0002345
1.32	1.44	6.693	6.691	0.001537	0.0002297
1.36	1.44	7.09	7.088	0.001589	0.0002242
1.4	1.44	7.51	7.508	0.001638	0.0002181
1.44	1.44	7.955	7.953	0.001681	0.0002113
1.48	1.44	8.427	8.425	0.001716	0.0002037
1.52	1.44	8.926	8.924	0.001743	0.0001953
1.56	1.44	9.455	9.454	0.001757	0.0001859
1.6	1.44	10.02	10.01	0.001757	0.0001755
1.64	1.44	10.61	10.61	0.00174	0.000164
1.68	1.44	11.24	11.24	0.0017	0.0001513
1.72	1.44	11.9	11.9	0.001636	0.0001374
1.76	1.44	12.61	12.61	0.00154	0.0001222
1.8	1.44	13.36	13.36	0.00141	0.0001055
1.84	1.44	14.15	14.15	0.001237	8.745e-05
1.88	1.44	14.99	14.99	0.001017	6.787e-05
1.92	1.44	15.88	15.88	0.0007425	4.677e-05
1.96	1.44	16.82	16.82	0.0004059	2.414e-05
0.04	1.48	1.061	1.061	3.986e-05	3.757e-05
0.08	1.48	1.126	1.126	7.886e-05	7.006e-05
0.12	1.48	1.194	1.194	0.0001172	9.81e-05
0.16	1.48	1.267	1.267	0.0001549	0.0001223
0.2	1.48	1.345	1.344	0.0001923	0.000143
0.24	1.48	1.427	1.426	0.0002295	0.0001609
0.28	1.48	1.514	1.513	0.0002666	0.0001761
0.32	1.48	1.606	1.606	0.0003038	0.0001892
0.36	1.48	1.704	1.704	0.0003413	0.0002003
0.4	1.48	1.808	1.808	0.0003791	0.0002097
0.44	1.48	1.918	1.918	0.0004175	0.0002177
0.48	1.48	2.035	2.035	0.0004566	0.0002244
0.52	1.48	2.159	2.159	0.0004964	0.0002299
0.56	1.48	2.291	2.291	0.0005372	0.0002345
0.6	1.48	2.431	2.43	0.0005791	0.0002383
0.64	1.48	2.579	2.578	0.0006221	0.0002413
0.68	1.48	2.736	2.736	0.0006663	0.0002436
0.72	1.48	2.903	2.903	0.000712	0.0002453
0.76	1.48	3.08	3.08	0.0007591	0.0002465
0.8	1.48	3.268	3.267	0.0008077	0.0002472
0.84	1.48	3.468	3.467	0.0008579	0.0002475
0.88	1.48	3.679	3.678	0.0009097	0.0002473
0.92	1.48	3.903	3.902	0.0009632	0.0002468
0.96	1.48	4.141	4.14	0.001018	0.0002459
1	1.48	4.394	4.393	0.001075	0.0002447
1.04	1.48	4.662	4.661	0.001133	0.0002431
1.08	1.48	4.946	4.945	0.001193	0.0002412
1.12	1.48	5.248	5.247	0.001253	0.0002388
1.16	1.48	5.568	5.567	0.001314	0.0002361
1.2	1.48	5.908	5.906	0.001376	0.000233
1.24	1.48	6.268	6.266	0.001438	0.0002295
1.28	1.48	6.65	6.649	0.001499	0.0002255
1.32	1.48	7.056	7.054	0.001558	0.0002209
1.36	1.48	7.486	7.484	0.001615	0.0002158
1.4	1.48	7.942	7.941	0.001668	0.0002101
1.44	1.48	8.427	8.425	0.001716	0.0002037
1.48	1.48	8.941	8.939	0.001757	0.0001966
1.52	1.48	9.486	9.484	0.001789	0.0001886
1.56	1.48	10.06	10.06	0.001809	0.0001798
1.6	1.48	10.68	10.68	0.001815	0.00017
1.64	1.48	11.33	11.33	0.001802	0.0001591
1.68	1.48	12.02	12.02	0.001767	0.000147
1.72	1.48	12.75	12.75	0.001705	0.0001337
1.76	1.48	13.53	13.53	0.001612	0.0001191
1.8	1.48	14.36	14.35	0.00148	0.0001031
1.84	1.48	15.23	15.23	0.001303	8.559e-05
1.88	1.48	16.16	16.16	0.001075	6.656e-05
1.92	1.48	17.14	17.14	0.0007877	4.595e-05
1.96	1.48	18.19	18.19	0.0004322	2.376e-05
0.04	1.52	1.063	1.063	3.954e-05	3.721e-05
0.08	1.52	1.129	1.129	7.812e-05	6.917e-05
0.12	1.52	1.2	1.2	0.0001159	9.659e-05
0.16	1.52	1.275	1.275	0.0001531	0.0001201
0.2	1.52	1.355	1.355	0.0001899	0.0001401
0.24	1.52	1.44	1.44	0.0002264	0.0001572
0.28	1.52	1.531	1.531	0.0002629	0.0001718
0.32	1.52	1.627	1.626	0.0002995	0.0001841
0.36	1.52	1.729	1.728	0.0003363	0.0001946
0.4	1.52	1.837	1.837	0.0003735	0.0002033
0.44	1.52	1.952	1.952	0.0004113	0.0002107
0.48	1.52	2.075	2.074	0.0004498	0.0002168
0.52	1.52	2.205	2.204	0.0004891	0.0002219
0.56	1.52	2.343	2.342	0.0005294	0.000226
0.6	1.52	2.49	2.489	0.0005708	0.0002293
0.64	1.52	2.646	2.645	0.0006135	0.0002319
0.68	1.52	2.812	2.811	0.0006575	0.0002339
0.72	1.52	2.988	2.987	0.0007029	0.0002353
0.76	1.52	3.175	3.175	0.0007499	0.0002362
0.8	1.52	3.374	3.374	0.0007986	0.0002367
0.84	1.52	3.586	3.585	0.000849	0.0002368
0.88	1.52	3.811	3.81	0.0009012	0.0002365
0.92	1.52	4.05	4.049	0.0009551	0.0002359
0.96	1.52	4.304	4.303	0.001011	0.000235
1	1.52	4.573	4.572	0.001069	0.0002337
1.04	1.52	4.86	4.859	0.001128	0.0002321
1.08	1.52	5.165	5.163	0.001189	0.0002302
1.12	1.52	5.488	5.487	0.001251	0.000228
1.16	1.52	5.832	5.831	0.001315	0.0002254
1.2	1.52	6.198	6.197	0.001379	0.0002225
1.24	1.52	6.586	6.585	0.001443	0.0002192
1.28	1.52	6.999	6.998	0.001508	0.0002154
1.32	1.52	7.438	7.436	0.001571	0.0002112
1.36	1.52	7.904	7.903	0.001632	0.0002065
1.4	1.52	8.4	8.398	0.00169	0.0002012
1.44	1.52	8.926	8.924	0.001743	0.0001953
1.48	1.52	9.486	9.484	0.001789	0.0001886
1.52	1.52	10.08	10.08	0.001827	0.0001812
1.56	1.52	10.71	10.71	0.001853	0.000173
1.6	1.52	11.38	11.38	0.001864	0.0001638
1.64	1.52	12.1	12.1	0.001857	0.0001536
1.68	1.52	12.86	12.85	0.001828	0.0001422
1.72	1.52	13.66	13.66	0.00177	0.0001296
1.76	1.52	14.52	14.52	0.001679	0.0001157
1.8	1.52	15.43	15.43	0.001548	0.0001003
1.84	1.52	16.39	16.39	0.001369	8.349e-05
1.88	1.52	17.42	17.42	0.001134	6.508e-05
1.92	1.52	18.51	18.51	0.0008337	4.504e-05
1.96	1.52	19.67	19.67	0.0004592	2.334e-05
0.04	1.56	1.064	1.064	3.897e-05	3.661e-05
0.08	1.56	1.133	1.133	7.687e-05	6.785e-05
0.12	1.56	1.206	1.206	0.0001139	9.446e-05
0.16	1.56	1.284	1.284	0.0001503	0.0001171
0.2	1.56	1.366	1.366	0.0001862	0.0001363
0.24	1.56	1.454	1.454	0.0002218	0.0001526
0.28	1.56	1.548	1.548	0.0002574	0.0001663
0.32	1.56	1.648	1.647	0.000293	0.0001779
0.36	1.56	1.754	1.753	0.0003289	0.0001876
0.4	1.56	1.867	1.866	0.0003652	0.0001957
0.44	1.56	1.987	1.987	0.0004021	0.0002024
0.48	1.56	2.115	2.114	0.0004397	0.000208
0.52	1.56	2.251	2.251	0.0004782	0.0002125
0.56	1.56	2.396	2.396	0.0005178	0.0002161
0.6	1.56	2.55	2.55	0.0005585	0.000219
0.64	1.56	2.715	2.714	0.0006004	0.0002212
0.68	1.56	2.889	2.889	0.0006438	0.0002229
0.72	1.56	3.075	3.075	0.0006888	0.000224
0.76	1.56	3.273	3.273	0.0007353	0.0002247
0.8	1.56	3.484	3.483	0.0007837	0.000225
0.84	1.56	3.708	3.708	0.0008339	0.0002249
0.88	1.56	3.947	3.946	0.000886	0.0002245
0.92	1.56	4.201	4.2	0.0009401	0.0002238
0.96	1.56	4.472	4.471	0.0009961	0.0002228
1	1.56	4.76	4.759	0.001054	0.0002215
1.04	1.56	5.066	5.065	0.001114	0.00022
1.08	1.56	5.393	5.391	0.001176	0.0002182
1.12	1.56	5.74	5.739	0.00124	0.0002161
1.16	1.56	6.109	6.108	0.001305	0.0002137
1.2	1.56	6.503	6.501	0.001371	0.0002109
1.24	1.56	6.921	6.92	0.001438	0.0002079
1.28	1.56	7.367	7.365	0.001505	0.0002044
1.32	1.56	7.841	7.84	0.001572	0.0002005
1.36	1.56	8.346	8.344	0.001637	0.0001962
1.4	1.56	8.883	8.882	0.001699	0.0001913
1.44	1.56	9.455	9.454	0.001757	0.0001859
1.48	1.56	10.06	10.06	0.001809	0.0001798
1.52	1.56	10.71	10.71	0.001853	0.000173
1.56	1.56	11.4	11.4	0.001885	0.0001654
1.6	1.56	12.14	12.13	0.001903	0.0001568
1.64	1.56	12.92	12.92	0.001903	0.0001473
1.68	1.56	13.75	13.75	0.001879	0.0001367
1.72	1.56	14.63	14.63	0.001827	0.0001249
1.76	1.56	15.58	15.57	0.001741	0.0001118
1.8	1.56	16.58	16.58	0.001611	9.719e-05
1.84	1.56	17.65	17.64	0.001431	8.11e-05
1.88	1.56	18.78	18.78	0.00119	6.339e-05
1.92	1.56	19.99	19.99	0.0008794	4.399e-05
1.96	1.56	21.28	21.28	0.0004865	2.287e-05
0.04	1.6	1.066	1.066	3.811e-05	3.575e-05
0.08	1.6	1.137	1.137	7.505e-05	6.603e-05
0.12	1.6	1.212	1.212	0.000111	9.164e-05
0.16	1.6	1.292	1.292	0.0001463	0.0001133
0.2	1.6	1.377	1.377	0.000181	0.0001315
0.24	1.6	1.468	1.468	0.0002155	0.0001468
0.28	1.6	1.565	1.565	0.0002498	0.0001596
0.32	1.6	1.669	1.669	0.0002842	0.0001703
0.36	1.6	1.779	1.779	0.0003189	0.0001793
0.4	1.6	1.897	1.896	0.000354	0.0001867
0.44	1.6	2.022	2.022	0.0003897	0.0001927
0.48	1.6	2.156	2.155	0.0004261	0.0001977
0.52	1.6	2.298	2.298	0.0004635	0.0002017
0.56	1.6	2.45	2.45	0.0005019	0.0002049
0.6	1.6	2.612	2.612	0.0005415	0.0002073
0.64	1.6	2.785	2.784	0.0005824	0.0002092
0.68	1.6	2.969	2.968	0.0006249	0.0002105
0.72	1.6	3.165	3.165	0.0006689	0.0002114
0.76	1.6	3.374	3.374	0.0007146	0.0002118
0.8	1.6	3.597	3.597	0.0007622	0.0002119
0.84	1.6	3.835	3.834	0.0008117	0.0002117
0.88	1.6	4.089	4.088	0.0008633	0.0002112
0.92	1.6	4.359	4.358	0.000917	0.0002104
0.96	1.6	4.647	4.646	0.0009729	0.0002094
1	1.6	4.954	4.953	0.001031	0.0002081
1.04	1.6	5.281	5.28	0.001091	0.0002067
1.08	1.6	5.631	5.629	0.001154	0.0002049
1.12	1.6	6.003	6.001	0.001218	0.0002029
1.16	1.6	6.399	6.398	0.001284	0.0002007
1.2	1.6	6.822	6.821	0.001352	0.0001982
1.24	1.6	7.273	7.272	0.001421	0.0001954
1.28	1.6	7.754	7.752	0.00149	0.0001922
1.32	1.6	8.266	8.265	0.00156	0.0001887
1.36	1.6	8.813	8.811	0.001628	0.0001848
1.4	1.6	9.395	9.393	0.001695	0.0001804
1.44	1.6	10.02	10.01	0.001757	0.0001755
1.48	1.6	10.68	10.68	0.001815	0.00017
1.52	1.6	11.38	11.38	0.001864	0.0001638
1.56	1.6	12.14	12.13	0.001903	0.0001568
1.6	1.6	12.94	12.94	0.001928	0.0001491
1.64	1.6	13.79	13.79	0.001935	0.0001403
1.68	1.6	14.7	14.7	0.001919	0.0001305
1.72	1.6	15.68	15.67	0.001874	0.0001196
1.76	1.6	16.71	16.71	0.001793	0.0001073
1.8	1.6	17.82	17.81	0.001667	9.36e-05
1.84	1.6	18.99	18.99	0.001488	7.835e-05
1.88	1.6	20.25	20.25	0.001244	6.145e-05
1.92	1.6	21.59	21.59	0.0009238	4.28e-05
1.96	1.6	23.01	23.01	0.0005137	2.232e-05
0.04	1.64	1.068	1.068	3.694e-05	3.459e-05
0.08	1.64	1.14	1.14	7.258e-05	6.366e-05
0.12	1.64	1.218	1.218	0.0001072	8.804e-05
0.16	1.64	1.3	1.3	0.000141	0.0001085
0.2	1.64	1.388	1.388	0.0001743	0.0001255
0.24	1.64	1.483	1.482	0.0002072	0.0001398
0.28	1.64	1.583	1.583	0.00024	0.0001516
0.32	1.64	1.69	1.69	0.0002728	0.0001614
0.36	1.64	1.805	1.805	0.0003059	0.0001695
0.4	1.64	1.927	1.927	0.0003395	0.0001762
0.44	1.64	2.058	2.058	0.0003737	0.0001816
0.48	1.64	2.198	2.197	0.0004086	0.0001859
0.52	1.64	2.347	2.346	0.0004444	0.0001894
0.56	1.64	2.506	2.505	0.0004813	0.0001921
0.6	1.64	2.676	2.675	0.0005195	0.0001942
0.64	1.64	2.857	2.857	0.000559	0.0001957
0.68	1.64	3.051	3.05	0.0006	0.0001967
0.72	1.64	3.258	3.257	0.0006427	0.0001973
0.76	1.64	3.478	3.478	0.0006871	0.0001976
0.8	1.64	3.714	3.714	0.0007334	0.0001975
0.84	1.64	3.966	3.965	0.0007818	0.0001972
0.88	1.64	4.235	4.234	0.0008323	0.0001966
0.92	1.64	4.522	4.521	0.0008851	0.0001958
0.96	1.64	4.829	4.828	0.0009401	0.0001947
1	1.64	5.156	5.155	0.0009975	0.0001935
1.04	1.64	5.506	5.505	0.001057	0.0001921
1.08	1.64	5.879	5.878	0.001119	0.0001904
1.12	1.64	6.278	6.276	0.001184	0.0001886
1.16	1.64	6.703	6.702	0.00125	0.0001866
1.2	1.64	7.158	7.156	0.001319	0.0001843
1.24	1.64	7.643	7.642	0.001389	0.0001818
1.28	1.64	8.161	8.16	0.00146	0.0001789
1.32	1.64	8.714	8.713	0.001532	0.0001758
1.36	1.64	9.305	9.304	0.001603	0.0001723
1.4	1.64	9.936	9.934	0.001673	0.0001684
1.44	1.64	10.61	10.61	0.00174	0.000164
1.48	1.64	11.33	11.33	0.001802	0.0001591
1.52	1.64	12.1	12.1	0.001857	0.0001536
1.56	1.64	12.92	12.92	0.001903	0.0001473
1.6	1.64	13.79	13.79	0.001935	0.0001403
1.64	1.64	14.73	14.73	0.00195	0.0001324
1.68	1.64	15.73	15.72	0.001942	0.0001235
1.72	1.64	16.79	16.79	0.001906	0.0001135
1.76	1.64	17.93	17.93	0.001832	0.0001022
1.8	1.64	19.15	19.14	0.001713	8.946e-05
1.84	1.64	20.44	20.44	0.001537	7.517e-05
1.88	1.64	21.83	21.83	0.001292	5.92e-05
1.92	1.64	23.31	23.31	0.000965	4.14e-05
1.96	1.64	24.89	24.89	0.0005397	2.169e-05
0.04	1.68	1.07	1.07	3.541e-05	3.311e-05
0.08	1.68	1.144	1.144	6.94e-05	6.067e-05
0.12	1.68	1.223	1.223	0.0001023	8.36e-05
0.16	1.68	1.309	1.308	0.0001343	0.0001026
0.2	1.68	1.4	1.399	0.0001657	0.0001184
0.24	1.68	1.497	1.497	0.0001967	0.0001314
0.28	1.68	1.601	1.601	0.0002276	0.0001422
0.32	1.68	1.712	1.712	0.0002586	0.000151
0.36	1.68	1.831	1.831	0.0002898	0.0001583
0.4	1.68	1.958	1.958	0.0003214	0.0001641
0.44	1.68	2.095	2.094	0.0003537	0.0001689
0.48	1.68	2.24	2.24	0.0003867	0.0001726
0.52	1.68	2.396	2.396	0.0004206	0.0001756
0.56	1.68	2.562	2.562	0.0004556	0.0001778
0.6	1.68	2.741	2.74	0.0004919	0.0001795
0.64	1.68	2.931	2.931	0.0005295	0.0001807
0.68	1.68	3.135	3.134	0.0005686	0.0001814
0.72	1.68	3.353	3.352	0.0006094	0.0001818
0.76	1.68	3.586	3.585	0.000652	0.0001819
0.8	1.68	3.835	3.834	0.0006966	0.0001817
0.84	1.68	4.102	4.101	0.0007432	0.0001812
0.88	1.68	4.387	4.386	0.000792	0.0001806
0.92	1.68	4.692	4.691	0.0008431	0.0001797
0.96	1.68	5.018	5.017	0.0008966	0.0001787
1	1.68	5.367	5.366	0.0009526	0.0001775
1.04	1.68	5.74	5.739	0.001011	0.0001762
1.08	1.68	6.138	6.137	0.001072	0.0001747
1.12	1.68	6.565	6.564	0.001136	0.000173
1.16	1.68	7.021	7.02	0.001202	0.0001712
1.2	1.68	7.51	7.508	0.00127	0.0001692
1.24	1.68	8.031	8.03	0.00134	0.0001669
1.28	1.68	8.59	8.588	0.001412	0.0001644
1.32	1.68	9.187	9.185	0.001485	0.0001617
1.36	1.68	9.825	9.824	0.001558	0.0001586
1.4	1.68	10.51	10.51	0.00163	0.0001552
1.44	1.68	11.24	11.24	0.0017	0.0001513
1.48	1.68	12.02	12.02	0.001767	0.000147
1.52	1.68	12.86	12.85	0.001828	0.0001422
1.56	1.68	13.75	13.75	0.001879	0.0001367
1.6	1.68	14.7	14.7	0.001919	0.0001305
1.64	1.68	15.73	15.72	0.001942	0.0001235
1.68	1.68	16.82	16.82	0.001944	0.0001156
1.72	1.68	17.99	17.99	0.001916	0.0001066
1.76	1.68	19.24	19.24	0.001852	9.63e-05
1.8	1.68	20.58	20.57	0.001742	8.466e-05
1.84	1.68	22.01	22	0.001573	7.147e-05
1.88	1.68	23.53	23.53	0.001331	5.656e-05
1.92	1.68	25.17	25.17	0.001001	3.976e-05
1.96	1.68	26.92	26.92	0.0005636	2.094e-05
0.04	1.72	1.071	1.071	3.347e-05	3.125e-05
0.08	1.72	1.148	1.148	6.541e-05	5.7e-05
0.12	1.72	1.229	1.229	9.612e-05	7.82e-05
0.16	1.72	1.317	1.317	0.0001259	9.563e-05
0.2	1.72	1.411	1.411	0.0001551	0.0001099
0.24	1.72	1.511	1.511	0.0001839	0.0001217
0.28	1.72	1.619	1.619	0.0002125	0.0001313
0.32	1.72	1.734	1.734	0.0002411	0.0001391
0.36	1.72	1.858	1.857	0.0002701	0.0001454
0.4	1.72	1.99	1.99	0.0002994	0.0001505
0.44	1.72	2.132	2.131	0.0003293	0.0001545
0.48	1.72	2.284	2.283	0.00036	0.0001577
0.52	1.72	2.446	2.446	0.0003916	0.0001601
0.56	1.72	2.62	2.62	0.0004243	0.0001619
0.6	1.72	2.807	2.807	0.0004582	0.0001632
0.64	1.72	3.007	3.007	0.0004934	0.0001641
0.68	1.72	3.221	3.221	0.0005302	0.0001646
0.72	1.72	3.451	3.45	0.0005685	0.0001648
0.76	1.72	3.696	3.696	0.0006087	0.0001647
0.8	1.72	3.96	3.959	0.0006508	0.0001644
0.84	1.72	4.242	4.241	0.000695	0.0001639
0.88	1.72	4.544	4.543	0.0007414	0.0001632
0.92	1.72	4.867	4.867	0.0007901	0.0001623
0.96	1.72	5.214	5.213	0.0008412	0.0001614
1	1.72	5.585	5.585	0.0008949	0.0001603
1.04	1.72	5.983	5.982	0.0009513	0.000159
1.08	1.72	6.409	6.408	0.00101	0.0001576
1.12	1.72	6.866	6.865	0.001072	0.0001562
1.16	1.72	7.355	7.354	0.001136	0.0001545
1.2	1.72	7.879	7.877	0.001203	0.0001527
1.24	1.72	8.44	8.438	0.001272	0.0001508
1.28	1.72	9.041	9.039	0.001343	0.0001486
1.32	1.72	9.685	9.683	0.001416	0.0001462
1.36	1.72	10.37	10.37	0.00149	0.0001436
1.4	1.72	11.11	11.11	0.001563	0.0001407
1.44	1.72	11.9	11.9	0.001636	0.0001374
1.48	1.72	12.75	12.75	0.001705	0.0001337
1.52	1.72	13.66	13.66	0.00177	0.0001296
1.56	1.72	14.63	14.63	0.001827	0.0001249
1.6	1.72	15.68	15.67	0.001874	0.0001196
1.64	1.72	16.79	16.79	0.001906	0.0001135
1.68	1.72	17.99	17.99	0.001916	0.0001066
1.72	1.72	19.27	19.27	0.0019	9.861e-05
1.76	1.72	20.64	20.64	0.001848	8.952e-05
1.8	1.72	22.11	22.11	0.001748	7.908e-05
1.84	1.72	23.69	23.68	0.00159	6.712e-05
1.88	1.72	25.37	25.37	0.001356	5.343e-05
1.92	1.72	27.18	27.18	0.001027	3.78e-05
1.96	1.72	29.11	29.11	0.0005833	2.004e-05
0.04	1.76	1.073	1.073	3.107e-05	2.896e-05
0.08	1.76	1.151	1.151	6.049e-05	5.254e-05
0.12	1.76	1.235	1.235	8.86e-05	7.173e-05
0.16	1.76	1.325	1.325	0.0001157	8.734e-05
0.2	1.76	1.422	1.422	0.0001422	0.0001
0.24	1.76	1.526	1.526	0.0001683	0.0001103
0.28	1.76	1.637	1.637	0.0001942	0.0001187
0.32	1.76	1.757	1.756	0.0002202	0.0001254
0.36	1.76	1.885	1.884	0.0002464	0.0001308
0.4	1.76	2.022	2.022	0.0002731	0.0001351
0.44	1.76	2.17	2.169	0.0003003	0.0001384
0.48	1.76	2.328	2.328	0.0003282	0.000141
0.52	1.76	2.498	2.497	0.000357	0.000143
0.56	1.76	2.68	2.679	0.0003868	0.0001444
0.6	1.76	2.875	2.875	0.0004178	0.0001453
0.64	1.76	3.085	3.085	0.0004501	0.0001459
0.68	1.76	3.31	3.31	0.0004839	0.0001462
0.72	1.76	3.551	3.551	0.0005192	0.0001462
0.76	1.76	3.81	3.81	0.0005563	0.000146
0.8	1.76	4.088	4.088	0.0005952	0.0001456
0.84	1.76	4.387	4.386	0.0006362	0.0001451
0.88	1.76	4.706	4.706	0.0006793	0.0001444
0.92	1.76	5.05	5.049	0.0007248	0.0001435
0.96	1.76	5.418	5.417	0.0007726	0.0001426
1	1.76	5.813	5.812	0.000823	0.0001416
1.04	1.76	6.237	6.236	0.0008761	0.0001405
1.08	1.76	6.692	6.691	0.0009318	0.0001393
1.12	1.76	7.18	7.179	0.0009904	0.0001379
1.16	1.76	7.704	7.703	0.001052	0.0001365
1.2	1.76	8.266	8.265	0.001116	0.000135
1.24	1.76	8.869	8.868	0.001182	0.0001333
1.28	1.76	9.516	9.514	0.001251	0.0001315
1.32	1.76	10.21	10.21	0.001322	0.0001295
1.36	1.76	10.95	10.95	0.001395	0.0001273
1.4	1.76	11.75	11.75	0.001468	0.0001249
1.44	1.76	12.61	12.61	0.00154	0.0001222
1.48	1.76	13.53	13.53	0.001612	0.0001191
1.52	1.76	14.52	14.52	0.001679	0.0001157
1.56	1.76	15.58	15.57	0.001741	0.0001118
1.6	1.76	16.71	16.71	0.001793	0.0001073
1.64	1.76	17.93	17.93	0.001832	0.0001022
1.68	1.76	19.24	19.24	0.001852	9.63e-05
1.72	1.76	20.64	20.64	0.001848	8.952e-05
1.76	1.76	22.15	22.14	0.001808	8.166e-05
1.8	1.76	23.76	23.76	0.001724	7.256e-05
1.84	1.76	25.49	25.49	0.00158	6.198e-05
1.88	1.76	27.35	27.35	0.001359	4.97e-05
1.92	1.76	29.35	29.35	0.00104	3.544e-05
1.96	1.76	31.49	31.49	0.0005966	1.895e-05
0.04	1.8	1.075	1.075	2.814e-05	2.619e-05
0.08	1.8	1.155	1.155	5.451e-05	4.72e-05
0.12	1.8	1.241	1.241	7.951e-05	6.406e-05
0.16	1.8	1.334	1.334	0.0001035	7.762e-05
0.2	1.8	1.433	1.433	0.0001269	8.852e-05
0.24	1.8	1.54	1.54	0.0001498	9.727e-05
0.28	1.8	1.656	1.655	0.0001726	0.0001043
0.32	1.8	1.779	1.779	0.0001955	0.0001099
0.36	1.8	1.912	1.912	0.0002185	0.0001143
0.4	1.8	2.055	2.054	0.000242	0.0001178
0.44	1.8	2.208	2.208	0.000266	0.0001205
0.48	1.8	2.373	2.373	0.0002907	0.0001225
0.52	1.8	2.55	2.55	0.0003162	0.000124
0.56	1.8	2.74	2.74	0.0003426	0.000125
0.6	1.8	2.945	2.945	0.0003702	0.0001257
0.64	1.8	3.165	3.165	0.0003989	0.0001261
0.68	1.8	3.401	3.401	0.000429	0.0001262
0.72	1.8	3.655	3.655	0.0004607	0.000126
0.76	1.8	3.928	3.927	0.0004939	0.0001258
0.8	1.8	4.221	4.221	0.0005289	0.0001253
0.84	1.8	4.536	4.536	0.0005658	0.0001247
0.88	1.8	4.875	4.874	0.0006048	0.0001241
0.92	1.8	5.239	5.238	0.0006459	0.0001233
0.96	1.8	5.63	5.629	0.0006894	0.0001225
1	1.8	6.05	6.05	0.0007353	0.0001215
1.04	1.8	6.502	6.501	0.0007838	0.0001206
1.08	1.8	6.987	6.987	0.000835	0.0001195
1.12	1.8	7.509	7.508	0.0008889	0.0001184
1.16	1.8	8.07	8.069	0.0009456	0.0001172
1.2	1.8	8.672	8.671	0.001005	0.0001159
1.24	1.8	9.32	9.318	0.001067	0.0001145
1.28	1.8	10.02	10.01	0.001132	0.0001131
1.32	1.8	10.76	10.76	0.001199	0.0001114
1.36	1.8	11.57	11.57	0.001268	0.0001097
1.4	1.8	12.43	12.43	0.001339	0.0001077
1.44	1.8	13.36	13.36	0.00141	0.0001055
1.48	1.8	14.36	14.35	0.00148	0.0001031
1.52	1.8	15.43	15.43	0.001548	0.0001003
1.56	1.8	16.58	16.58	0.001611	9.719e-05
1.6	1.8	17.82	17.81	0.001667	9.36e-05
1.64	1.8	19.15	19.14	0.001713	8.946e-05
1.68	1.8	20.58	20.57	0.001742	8.466e-05
1.72	1.8	22.11	22.11	0.001748	7.908e-05
1.76	1.8	23.76	23.76	0.001724	7.256e-05
1.8	1.8	25.54	25.53	0.001657	6.49e-05
1.84	1.8	27.44	27.44	0.001533	5.587e-05
1.88	1.8	29.49	29.49	0.001333	4.519e-05
1.92	1.8	31.69	31.69	0.001031	3.255e-05
1.96	1.8	34.06	34.06	0.0005993	1.76e-05
0.04	1.84	1.076	1.076	2.459e-05	2.285e-05
0.08	1.84	1.159	1.159	4.73e-05	4.082e-05
0.12	1.84	1.247	1.247	6.862e-05	5.503e-05
0.16	1.84	1.342	1.342	8.898e-05	6.629e-05
0.2	1.84	1.445	1.445	0.0001087	7.523e-05
0.24	1.84	1.555	1.555	0.000128	8.233e-05
0.28	1.84	1.674	1.674	0.0001473	8.797e-05
0.32	1.84	1.802	1.802	0.0001665	9.241e-05
0.36	1.84	1.94	1.939	0.000186	9.588e-05
0.4	1.84	2.088	2.088	0.0002058	9.857e-05
0.44	1.84	2.247	2.247	0.0002261	0.0001006
0.48	1.84	2.419	2.419	0.000247	0.0001021
0.52	1.84	2.604	2.603	0.0002686	0.0001032
0.56	1.84	2.802	2.802	0.0002911	0.0001039
0.6	1.84	3.017	3.016	0.0003146	0.0001043
0.64	1.84	3.247	3.247	0.0003392	0.0001045
0.68	1.84	3.495	3.495	0.000365	0.0001044
0.72	1.84	3.762	3.761	0.0003921	0.0001042
0.76	1.84	4.049	4.049	0.0004207	0.0001039
0.8	1.84	4.358	4.358	0.0004508	0.0001035
0.84	1.84	4.691	4.691	0.0004827	0.0001029
0.88	1.84	5.05	5.049	0.0005165	0.0001023
0.92	1.84	5.435	5.435	0.0005522	0.0001016
0.96	1.84	5.85	5.85	0.0005901	0.0001009
1	1.84	6.297	6.297	0.0006302	0.0001001
1.04	1.84	6.778	6.777	0.0006727	9.925e-05
1.08	1.84	7.296	7.295	0.0007177	9.838e-05
1.12	1.84	7.853	7.852	0.0007653	9.746e-05
1.16	1.84	8.453	8.452	0.0008156	9.649e-05
1.2	1.84	9.098	9.098	0.0008686	9.547e-05
1.24	1.84	9.793	9.792	0.0009243	9.439e-05
1.28	1.84	10.54	10.54	0.0009826	9.323e-05
1.32	1.84	11.35	11.35	0.001043	9.197e-05
1.36	1.84	12.21	12.21	0.001107	9.061e-05
1.4	1.84	13.15	13.14	0.001171	8.911e-05
1.44	1.84	14.15	14.15	0.001237	8.745e-05
1.48	1.84	15.23	15.23	0.001303	8.559e-05
1.52	1.84	16.39	16.39	0.001369	8.349e-05
1.56	1.84	17.65	17.64	0.001431	8.11e-05
1.6	1.84	18.99	18.99	0.001488	7.835e-05
1.64	1.84	20.44	20.44	0.001537	7.517e-05
1.68	1.84	22.01	22	0.001573	7.147e-05
1.72	1.84	23.69	23.68	0.00159	6.712e-05
1.76	1.84	25.49	25.49	0.00158	6.198e-05
1.8	1.84	27.44	27.44	0.001533	5.587e-05
1.84	1.84	29.54	29.54	0.001434	4.854e-05
1.88	1.84	31.79	31.79	0.001262	3.97e-05
1.92	1.84	34.22	34.22	0.0009912	2.897e-05
1.96	1.84	36.83	36.83	0.0005856	1.59e-05
0.04	1.88	1.078	1.078	2.029e-05	1.882e-05
0.08	1.88	1.162	1.162	3.864e-05	3.325e-05
0.12	1.88	1.253	1.253	5.566e-05	4.442e-05
0.16	1.88	1.351	1.351	7.179e-05	5.314e-05
0.2	1.88	1.457	1.456	8.735e-05	5.998e-05
0.24	1.88	1.57	1.57	0.0001026	6.534e-05
0.28	1.88	1.693	1.693	0.0001177	6.955e-05
0.32	1.88	1.825	1.825	0.0001329	7.283e-05
0.36	1.88	1.968	1.968	0.0001483	7.536e-05
0.4	1.88	2.121	2.121	0.0001639	7.729e-05
0.44	1.88	2.287	2.287	0.00018	7.872e-05
0.48	1.88	2.466	2.466	0.0001966	7.975e-05
0.52	1.88	2.658	2.658	0.0002139	8.045e-05
0.56	1.88	2.866	2.866	0.0002318	8.088e-05
0.6	1.88	3.09	3.089	0.0002505	8.109e-05
0.64	1.88	3.331	3.331	0.0002702	8.112e-05
0.68	1.88	3.591	3.591	0.0002909	8.1e-05
0.72	1.88	3.872	3.871	0.0003127	8.076e-05
0.76	1.88	4.174	4.174	0.0003357	8.042e-05
0.8	1.88	4.5	4.5	0.00036	8.001e-05
0.84	1.88	4.851	4.851	0.0003858	7.953e-05
0.88	1.88	5.23	5.23	0.0004132	7.9e-05
0.92	1.88	5.639	5.638	0.0004422	7.843e-05
0.96	1.88	6.079	6.079	0.0004731	7.783e-05
1	1.88	6.554	6.554	0.0005059	7.72e-05
1.04	1.88	7.066	7.065	0.0005408	7.654e-05
1.08	1.88	7.618	7.617	0.0005778	7.586e-05
1.12	1.88	8.213	8.212	0.0006171	7.515e-05
1.16	1.88	8.854	8.853	0.0006588	7.442e-05
1.2	1.88	9.546	9.545	0.000703	7.365e-05
1.24	1.88	10.29	10.29	0.0007496	7.285e-05
1.28	1.88	11.09	11.09	0.0007988	7.2e-05
1.32	1.88	11.96	11.96	0.0008503	7.109e-05
1.36	1.88	12.9	12.89	0.0009041	7.011e-05
1.4	1.88	13.9	13.9	0.0009599	6.905e-05
1.44	1.88	14.99	14.99	0.001017	6.787e-05
1.48	1.88	16.16	16.16	0.001075	6.656e-05
1.52	1.88	17.42	17.42	0.001134	6.508e-05
1.56	1.88	18.78	18.78	0.00119	6.339e-05
1.6	1.88	20.25	20.25	0.001244	6.145e-05
1.64	1.88	21.83	21.83	0.001292	5.92e-05
1.68	1.88	23.53	23.53	0.001331	5.656e-05
1.72	1.88	25.37	25.37	0.001356	5.343e-05
1.76	1.88	27.35	27.35	0.001359	4.97e-05
1.8	1.88	29.49	29.49	0.001333	4.519e-05
1.84	1.88	31.79	31.79	0.001262	3.97e-05
1.88	1.88	34.28	34.27	0.001128	3.292e-05
1.92	1.88	36.95	36.95	0.0009029	2.444e-05
1.96	1.88	39.84	39.84	0.0005458	1.37e-05
0.04	1.92	1.08	1.08	1.504e-05	1.392e-05
0.08	1.92	1.166	1.166	2.822e-05	2.42e-05
0.12	1.92	1.259	1.259	4.025e-05	3.197e-05
0.16	1.92	1.36	1.36	5.156e-05	3.792e-05
0.2	1.92	1.468	1.468	6.244e-05	4.253e-05
0.24	1.92	1.585	1.585	7.309e-05	4.61e-05
0.28	1.92	1.712	1.712	8.366e-05	4.887e-05
0.32	1.92	1.849	1.849	9.428e-05	5.1e-05
0.36	1.92	1.996	1.996	0.000105	5.263e-05
0.4	1.92	2.156	2.155	0.000116	5.384e-05
0.44	1.92	2.328	2.328	0.0001274	5.472e-05
0.48	1.92	2.513	2.513	0.0001391	5.533e-05
0.52	1.92	2.714	2.714	0.0001512	5.572e-05
0.56	1.92	2.931	2.931	0.0001639	5.593e-05
0.6	1.92	3.165	3.165	0.0001772	5.6e-05
0.64	1.92	3.417	3.417	0.0001912	5.595e-05
0.68	1.92	3.69	3.69	0.0002059	5.58e-05
0.72	1.92	3.985	3.984	0.0002214	5.558e-05
0.76	1.92	4.303	4.303	0.0002379	5.529e-05
0.8	1.92	4.646	4.646	0.0002554	5.496e-05
0.84	1.92	5.017	5.017	0.0002739	5.459e-05
0.88	1.92	5.418	5.417	0.0002936	5.42e-05
0.92	1.92	5.85	5.85	0.0003146	5.378e-05
0.96	1.92	6.317	6.317	0.0003369	5.334e-05
1	1.92	6.821	6.821	0.0003607	5.289e-05
1.04	1.92	7.366	7.365	0.0003861	5.242e-05
1.08	1.92	7.954	7.953	0.0004132	5.195e-05
1.12	1.92	8.589	8.588	0.000442	5.146e-05
1.16	1.92	9.274	9.274	0.0004727	5.097e-05
1.2	1.92	10.01	10.01	0.0005053	5.046e-05
1.24	1.92	10.81	10.81	0.0005399	4.993e-05
1.28	1.92	11.68	11.68	0.0005766	4.938e-05
1.32	1.92	12.61	12.61	0.0006152	4.879e-05
1.36	1.92	13.62	13.62	0.0006559	4.817e-05
1.4	1.92	14.7	14.7	0.0006984	4.75e-05
1.44	1.92	15.88	15.88	0.0007425	4.677e-05
1.48	1.92	17.14	17.14	0.0007877	4.595e-05
1.52	1.92	18.51	18.51	0.0008337	4.504e-05
1.56	1.92	19.99	19.99	0.0008794	4.399e-05
1.6	1.92	21.59	21.59	0.0009238	4.28e-05
1.64	1.92	23.31	23.31	0.000965	4.14e-05
1.68	1.92	25.17	25.17	0.001001	3.976e-05
1.72	1.92	27.18	27.18	0.001027	3.78e-05
1.76	1.92	29.35	29.35	0.00104	3.544e-05
1.8	1.92	31.69	31.69	0.001031	3.255e-05
1.84	1.92	34.22	34.22	0.0009912	2.897e-05
1.88	1.92	36.95	36.95	0.0009029	2.444e-05
1.92	1.92	39.9	39.9	0.0007408	1.857e-05
1.96	1.92	43.09	43.09	0.000463	1.075e-05
0.04	1.96	1.082	1.082	8.505e-06	7.864e-06
0.08	1.96	1.17	1.17	1.558e-05	1.332e-05
0.12	1.96	1.265	1.265	2.191e-05	1.732e-05
0.16	1.96	1.368	1.368	2.782e-05	2.033e-05
0.2	1.96	1.48	1.48	3.349e-05	2.263e-05
0.24	1.96	1.601	1.601	3.905e-05	2.44e-05
0.28	1.96	1.731	1.731	4.457e-05	2.575e-05
0.32	1.96	1.872	1.872	5.013e-05	2.678e-05
0.36	1.96	2.025	2.025	5.578e-05	2.755e-05
0.4	1.96	2.19	2.19	6.157e-05	2.811e-05
0.44	1.96	2.369	2.369	6.753e-05	2.851e-05
0.48	1.96	2.562	2.562	7.371e-05	2.877e-05
0.52	1.96	2.771	2.771	8.014e-05	2.892e-05
0.56	1.96	2.997	2.997	8.687e-05	2.899e-05
0.6	1.96	3.241	3.241	9.394e-05	2.898e-05
0.64	1.96	3.506	3.506	0.0001014	2.892e-05
0.68	1.96	3.792	3.792	0.0001092	2.881e-05
0.72	1.96	4.101	4.101	0.0001176	2.866e-05
0.76	1.96	4.435	4.435	0.0001264	2.849e-05
0.8	1.96	4.797	4.797	0.0001357	2.83e-05
0.84	1.96	5.188	5.188	0.0001457	2.809e-05
0.88	1.96	5.612	5.611	0.0001563	2.786e-05
0.92	1.96	6.069	6.069	0.0001677	2.763e-05
0.96	1.96	6.564	6.564	0.0001798	2.739e-05
1	1.96	7.1	7.099	0.0001927	2.715e-05
1.04	1.96	7.679	7.678	0.0002066	2.69e-05
1.08	1.96	8.305	8.305	0.0002214	2.666e-05
1.12	1.96	8.982	8.982	0.0002372	2.641e-05
1.16	1.96	9.715	9.714	0.0002541	2.615e-05
1.2	1.96	10.51	10.51	0.0002721	2.59e-05
1.24	1.96	11.36	11.36	0.0002913	2.564e-05
1.28	1.96	12.29	12.29	0.0003118	2.537e-05
1.32	1.96	13.29	13.29	0.0003335	2.509e-05
1.36	1.96	14.38	14.38	0.0003564	2.479e-05
1.4	1.96	15.55	15.55	0.0003806	2.448e-05
1.44	1.96	16.82	16.82	0.0004059	2.414e-05
1.48	1.96	18.19	18.19	0.0004322	2.376e-05
1.52	1.96	19.67	19.67	0.0004592	2.334e-05
1.56	1.96	21.28	21.28	0.0004865	2.287e-05
1.6	1.96	23.01	23.01	0.0005137	2.232e-05
1.64	1.96	24.89	24.89	0.0005397	2.169e-05
1.68	1.96	26.92	26.92	0.0005636	2.094e-05
1.72	1.96	29.11	29.11	0.0005833	2.004e-05
1.76	1.96	31.49	31.49	0.0005966	1.895e-05
1.8	1.96	34.06	34.06	0.0005993	1.76e-05
1.84	1.96	36.83	36.83	0.0005856	1.59e-05
1.88	1.96	39.84	39.84	0.0005458	1.37e-05
1.92	1.96	43.09	43.09	0.000463	1.075e-05
1.96	1.96	46.6	46.6	0.0003049	6.543e-06
