x	y	V_num	V_ana	error_abs	error_rel
1.02	1.02	0.04121	0.04121	9.75e-08	2.366e-06
1.04	1.02	0.06261	0.06261	1.694e-07	2.705e-06
1.06	1.02	0.08441	0.08441	2.261e-07	2.679e-06
1.08	1.02	0.1066	0.1066	2.728e-07	2.56e-06
1.1	1.02	0.1292	0.1292	3.121e-07	2.417e-06
1.12	1.02	0.1521	0.1521	3.457e-07	2.273e-06
1.14	1.02	0.1754	0.1754	3.748e-07	2.137e-06
1.16	1.02	0.199	0.199	4e-07	2.01e-06
1.18	1.02	0.223	0.223	4.22e-07	1.892e-06
1.2	1.02	0.2474	0.2474	4.413e-07	1.784e-06
1.22	1.02	0.2721	0.2721	4.582e-07	1.684e-06
1.24	1.02	0.2971	0.2971	4.73e-07	1.592e-06
1.26	1.02	0.3225	0.3225	4.86e-07	1.507e-06
1.28	1.02	0.3482	0.3482	4.973e-07	1.428e-06
1.3	1.02	0.3742	0.3742	5.072e-07	1.356e-06
1.32	1.02	0.4005	0.4005	5.157e-07	1.288e-06
1.34	1.02	0.4271	0.4271	5.229e-07	1.224e-06
1.36	1.02	0.454	0.454	5.29e-07	1.165e-06
1.38	1.02	0.4812	0.4812	5.34e-07	1.11e-06
1.4	1.02	0.5088	0.5088	5.381e-07	1.058e-06
1.42	1.02	0.5366	0.5366	5.412e-07	1.009e-06
1.44	1.02	0.5647	0.5647	5.434e-07	9.623e-07
1.46	1.02	0.5931	0.5931	5.447e-07	9.185e-07
1.48	1.02	0.6217	0.6217	5.452e-07	8.769e-07
1.5	1.02	0.6507	0.6507	5.449e-07	8.374e-07
1.52	1.02	0.6799	0.6799	5.437e-07	7.998e-07
1.54	1.02	0.7094	0.7093	5.418e-07	7.638e-07
1.56	1.02	0.7391	0.7391	5.39e-07	7.293e-07
1.58	1.02	0.7691	0.7691	5.354e-07	6.961e-07
1.6	1.02	0.7994	0.7994	5.309e-07	6.642e-07
1.62	1.02	0.8299	0.8299	5.256e-07	6.333e-07
1.64	1.02	0.8607	0.8607	5.193e-07	6.033e-07
1.66	1.02	0.8917	0.8917	5.12e-07	5.742e-07
1.68	1.02	0.9229	0.9229	5.036e-07	5.457e-07
1.7	1.02	0.9544	0.9544	4.941e-07	5.177e-07
1.72	1.02	0.9862	0.9862	4.834e-07	4.902e-07
1.74	1.02	1.018	1.018	4.713e-07	4.629e-07
1.76	1.02	1.05	1.05	4.577e-07	4.358e-07
1.78	1.02	1.083	1.083	4.425e-07	4.086e-07
1.8	1.02	1.116	1.116	4.254e-07	3.813e-07
1.82	1.02	1.148	1.148	4.061e-07	3.536e-07
1.84	1.02	1.182	1.182	3.844e-07	3.253e-07
1.86	1.02	1.215	1.215	3.598e-07	2.961e-07
1.88	1.02	1.249	1.249	3.317e-07	2.657e-07
1.9	1.02	1.282	1.282	2.995e-07	2.335e-07
1.92	1.02	1.316	1.316	2.619e-07	1.99e-07
1.94	1.02	1.351	1.351	2.175e-07	1.61e-07
1.96	1.02	1.385	1.385	1.634e-07	1.18e-07
1.98	1.02	1.42	1.42	9.453e-08	6.659e-08
1.02	1.04	0.06261	0.06261	1.694e-07	2.705e-06
1.04	1.04	0.08484	0.08484	3.035e-07	3.577e-06
1.06	1.04	0.1075	0.1075	4.129e-07	3.842e-06
1.08	1.04	0.1305	0.1305	5.043e-07	3.865e-06
1.1	1.04	0.1539	0.1539	5.819e-07	3.781e-06
1.12	1.04	0.1777	0.1777	6.486e-07	3.65e-06
1.14	1.04	0.2018	0.2018	7.063e-07	3.499e-06
1.16	1.04	0.2264	0.2264	7.566e-07	3.342e-06
1.18	1.04	0.2513	0.2513	8.005e-07	3.186e-06
1.2	1.04	0.2765	0.2765	8.391e-07	3.035e-06
1.22	1.04	0.3021	0.3021	8.729e-07	2.89e-06
1.24	1.04	0.328	0.328	9.025e-07	2.752e-06
1.26	1.04	0.3542	0.3542	9.284e-07	2.621e-06
1.28	1.04	0.3808	0.3808	9.51e-07	2.497e-06
1.3	1.04	0.4077	0.4077	9.706e-07	2.381e-06
1.32	1.04	0.435	0.435	9.875e-07	2.27e-06
1.34	1.04	0.4625	0.4625	1.002e-06	2.166e-06
1.36	1.04	0.4904	0.4904	1.014e-06	2.068e-06
1.38	1.04	0.5185	0.5185	1.024e-06	1.975e-06
1.4	1.04	0.547	0.547	1.032e-06	1.887e-06
1.42	1.04	0.5758	0.5758	1.038e-06	1.803e-06
1.44	1.04	0.6048	0.6048	1.042e-06	1.723e-06
1.46	1.04	0.6342	0.6342	1.045e-06	1.648e-06
1.48	1.04	0.6638	0.6638	1.046e-06	1.575e-06
1.5	1.04	0.6937	0.6937	1.045e-06	1.506e-06
1.52	1.04	0.7239	0.7239	1.042e-06	1.44e-06
1.54	1.04	0.7544	0.7544	1.038e-06	1.376e-06
1.56	1.04	0.7851	0.7851	1.032e-06	1.315e-06
1.58	1.04	0.8161	0.8161	1.025e-06	1.256e-06
1.6	1.04	0.8474	0.8473	1.016e-06	1.199e-06
1.62	1.04	0.8789	0.8789	1.005e-06	1.143e-06
1.64	1.04	0.9106	0.9106	9.921e-07	1.089e-06
1.66	1.04	0.9427	0.9427	9.773e-07	1.037e-06
1.68	1.04	0.975	0.975	9.604e-07	9.851e-07
1.7	1.04	1.007	1.007	9.412e-07	9.342e-07
1.72	1.04	1.04	1.04	9.195e-07	8.84e-07
1.74	1.04	1.073	1.073	8.952e-07	8.341e-07
1.76	1.04	1.107	1.107	8.679e-07	7.843e-07
1.78	1.04	1.14	1.14	8.373e-07	7.344e-07
1.8	1.04	1.174	1.174	8.03e-07	6.841e-07
1.82	1.04	1.208	1.208	7.644e-07	6.329e-07
1.84	1.04	1.242	1.242	7.21e-07	5.806e-07
1.86	1.04	1.276	1.276	6.72e-07	5.265e-07
1.88	1.04	1.311	1.311	6.163e-07	4.701e-07
1.9	1.04	1.346	1.346	5.525e-07	4.105e-07
1.92	1.04	1.381	1.381	4.787e-07	3.467e-07
1.94	1.04	1.416	1.416	3.921e-07	2.769e-07
1.96	1.04	1.452	1.452	2.886e-07	1.988e-07
1.98	1.04	1.487	1.487	1.615e-07	1.086e-07
1.02	1.06	0.08441	0.08441	2.261e-07	2.679e-06
1.04	1.06	0.1075	0.1075	4.129e-07	3.842e-06
1.06	1.06	0.1309	0.1309	5.693e-07	4.348e-06
1.08	1.06	0.1548	0.1548	7.02e-07	4.534e-06
1.1	1.06	0.1791	0.1791	8.157e-07	4.555e-06
1.12	1.06	0.2037	0.2037	9.14e-07	4.487e-06
1.14	1.06	0.2287	0.2287	9.995e-07	4.369e-06
1.16	1.06	0.2541	0.2541	1.074e-06	4.227e-06
1.18	1.06	0.2799	0.2799	1.14e-06	4.071e-06
1.2	1.06	0.306	0.306	1.197e-06	3.912e-06
1.22	1.06	0.3325	0.3325	1.247e-06	3.752e-06
1.24	1.06	0.3593	0.3593	1.292e-06	3.595e-06
1.26	1.06	0.3865	0.3865	1.33e-06	3.442e-06
1.28	1.06	0.414	0.414	1.364e-06	3.295e-06
1.3	1.06	0.4418	0.4418	1.393e-06	3.154e-06
1.32	1.06	0.47	0.47	1.419e-06	3.018e-06
1.34	1.06	0.4985	0.4985	1.44e-06	2.889e-06
1.36	1.06	0.5273	0.5273	1.458e-06	2.765e-06
1.38	1.06	0.5564	0.5564	1.473e-06	2.647e-06
1.4	1.06	0.5858	0.5858	1.484e-06	2.534e-06
1.42	1.06	0.6155	0.6155	1.493e-06	2.426e-06
1.44	1.06	0.6455	0.6455	1.5e-06	2.323e-06
1.46	1.06	0.6758	0.6758	1.503e-06	2.224e-06
1.48	1.06	0.7064	0.7064	1.504e-06	2.129e-06
1.5	1.06	0.7373	0.7373	1.503e-06	2.038e-06
1.52	1.06	0.7685	0.7685	1.499e-06	1.95e-06
1.54	1.06	0.8	0.8	1.492e-06	1.865e-06
1.56	1.06	0.8317	0.8317	1.483e-06	1.784e-06
1.58	1.06	0.8637	0.8637	1.472e-06	1.704e-06
1.6	1.06	0.896	0.896	1.458e-06	1.627e-06
1.62	1.06	0.9285	0.9285	1.441e-06	1.552e-06
1.64	1.06	0.9613	0.9613	1.422e-06	1.479e-06
1.66	1.06	0.9943	0.9943	1.399e-06	1.407e-06
1.68	1.06	1.028	1.028	1.374e-06	1.337e-06
1.7	1.06	1.061	1.061	1.345e-06	1.267e-06
1.72	1.06	1.095	1.095	1.312e-06	1.198e-06
1.74	1.06	1.129	1.129	1.276e-06	1.13e-06
1.76	1.06	1.163	1.163	1.235e-06	1.061e-06
1.78	1.06	1.198	1.198	1.189e-06	9.923e-07
1.8	1.06	1.233	1.233	1.137e-06	9.226e-07
1.82	1.06	1.268	1.268	1.08e-06	8.518e-07
1.84	1.06	1.303	1.303	1.015e-06	7.792e-07
1.86	1.06	1.338	1.338	9.425e-07	7.042e-07
1.88	1.06	1.374	1.374	8.602e-07	6.26e-07
1.9	1.06	1.41	1.41	7.665e-07	5.436e-07
1.92	1.06	1.446	1.446	6.588e-07	4.556e-07
1.94	1.06	1.483	1.483	5.34e-07	3.602e-07
1.96	1.06	1.519	1.519	3.873e-07	2.549e-07
1.98	1.06	1.556	1.556	2.122e-07	1.364e-07
1.02	1.08	0.1066	0.1066	2.728e-07	2.56e-06
1.04	1.08	0.1305	0.1305	5.043e-07	3.865e-06
1.06	1.08	0.1548	0.1548	7.02e-07	4.534e-06
1.08	1.08	0.1795	0.1795	8.72e-07	4.857e-06
1.1	1.08	0.2047	0.2047	1.019e-06	4.979e-06
1.12	1.08	0.2302	0.2302	1.147e-06	4.983e-06
1.14	1.08	0.2561	0.2561	1.259e-06	4.916e-06
1.16	1.08	0.2824	0.2824	1.357e-06	4.806e-06
1.18	1.08	0.309	0.309	1.443e-06	4.67e-06
1.2	1.08	0.336	0.336	1.519e-06	4.52e-06
1.22	1.08	0.3634	0.3634	1.585e-06	4.363e-06
1.24	1.08	0.3911	0.3911	1.644e-06	4.203e-06
1.26	1.08	0.4192	0.4192	1.695e-06	4.043e-06
1.28	1.08	0.4477	0.4477	1.74e-06	3.886e-06
1.3	1.08	0.4764	0.4764	1.778e-06	3.733e-06
1.32	1.08	0.5055	0.5055	1.811e-06	3.584e-06
1.34	1.08	0.5349	0.5349	1.84e-06	3.439e-06
1.36	1.08	0.5647	0.5647	1.863e-06	3.3e-06
1.38	1.08	0.5947	0.5947	1.883e-06	3.166e-06
1.4	1.08	0.6251	0.6251	1.898e-06	3.037e-06
1.42	1.08	0.6558	0.6558	1.91e-06	2.912e-06
1.44	1.08	0.6868	0.6868	1.918e-06	2.792e-06
1.46	1.08	0.7181	0.7181	1.922e-06	2.677e-06
1.48	1.08	0.7497	0.7497	1.923e-06	2.565e-06
1.5	1.08	0.7815	0.7815	1.921e-06	2.458e-06
1.52	1.08	0.8137	0.8137	1.915e-06	2.354e-06
1.54	1.08	0.8461	0.8461	1.906e-06	2.253e-06
1.56	1.08	0.8789	0.8789	1.894e-06	2.155e-06
1.58	1.08	0.9119	0.9119	1.879e-06	2.06e-06
1.6	1.08	0.9452	0.9452	1.86e-06	1.968e-06
1.62	1.08	0.9787	0.9787	1.837e-06	1.877e-06
1.64	1.08	1.013	1.013	1.811e-06	1.789e-06
1.66	1.08	1.047	1.047	1.781e-06	1.702e-06
1.68	1.08	1.081	1.081	1.747e-06	1.616e-06
1.7	1.08	1.116	1.116	1.708e-06	1.531e-06
1.72	1.08	1.15	1.15	1.665e-06	1.447e-06
1.74	1.08	1.185	1.185	1.616e-06	1.363e-06
1.76	1.08	1.221	1.221	1.561e-06	1.279e-06
1.78	1.08	1.256	1.256	1.501e-06	1.194e-06
1.8	1.08	1.292	1.292	1.433e-06	1.109e-06
1.82	1.08	1.328	1.328	1.357e-06	1.021e-06
1.84	1.08	1.365	1.365	1.272e-06	9.32e-07
1.86	1.08	1.401	1.401	1.177e-06	8.397e-07
1.88	1.08	1.438	1.438	1.069e-06	7.435e-07
1.9	1.08	1.475	1.475	9.476e-07	6.424e-07
1.92	1.08	1.512	1.512	8.092e-07	5.351e-07
1.94	1.08	1.55	1.55	6.504e-07	4.197e-07
1.96	1.08	1.587	1.587	4.666e-07	2.94e-07
1.98	1.08	1.625	1.625	2.522e-07	1.552e-07
1.02	1.1	0.1292	0.1292	3.121e-07	2.417e-06
1.04	1.1	0.1539	0.1539	5.819e-07	3.781e-06
1.06	1.1	0.1791	0.1791	8.157e-07	4.555e-06
1.08	1.1	0.2047	0.2047	1.019e-06	4.979e-06
1.1	1.1	0.2307	0.2307	1.197e-06	5.188e-06
1.12	1.1	0.257	0.257	1.352e-06	5.26e-06
1.14	1.1	0.2838	0.2838	1.489e-06	5.245e-06
1.16	1.1	0.311	0.311	1.609e-06	5.173e-06
1.18	1.1	0.3386	0.3386	1.714e-06	5.064e-06
1.2	1.1	0.3665	0.3665	1.808e-06	4.933e-06
1.22	1.1	0.3948	0.3948	1.89e-06	4.787e-06
1.24	1.1	0.4234	0.4234	1.962e-06	4.633e-06
1.26	1.1	0.4524	0.4524	2.025e-06	4.476e-06
1.28	1.1	0.4818	0.4818	2.08e-06	4.318e-06
1.3	1.1	0.5115	0.5115	2.128e-06	4.16e-06
1.32	1.1	0.5415	0.5415	2.169e-06	4.005e-06
1.34	1.1	0.5719	0.5719	2.204e-06	3.854e-06
1.36	1.1	0.6026	0.6026	2.233e-06	3.706e-06
1.38	1.1	0.6336	0.6336	2.257e-06	3.562e-06
1.4	1.1	0.6649	0.6649	2.276e-06	3.422e-06
1.42	1.1	0.6966	0.6966	2.29e-06	3.287e-06
1.44	1.1	0.7286	0.7286	2.299e-06	3.156e-06
1.46	1.1	0.7608	0.7608	2.304e-06	3.029e-06
1.48	1.1	0.7934	0.7934	2.305e-06	2.906e-06
1.5	1.1	0.8263	0.8263	2.302e-06	2.786e-06
1.52	1.1	0.8594	0.8594	2.295e-06	2.67e-06
1.54	1.1	0.8929	0.8929	2.284e-06	2.557e-06
1.56	1.1	0.9266	0.9266	2.268e-06	2.448e-06
1.58	1.1	0.9607	0.9607	2.248e-06	2.341e-06
1.6	1.1	0.995	0.995	2.225e-06	2.236e-06
1.62	1.1	1.03	1.03	2.196e-06	2.133e-06
1.64	1.1	1.064	1.064	2.163e-06	2.033e-06
1.66	1.1	1.099	1.099	2.126e-06	1.933e-06
1.68	1.1	1.135	1.135	2.083e-06	1.835e-06
1.7	1.1	1.171	1.171	2.035e-06	1.738e-06
1.72	1.1	1.206	1.206	1.98e-06	1.642e-06
1.74	1.1	1.243	1.243	1.92e-06	1.545e-06
1.76	1.1	1.279	1.279	1.852e-06	1.448e-06
1.78	1.1	1.316	1.316	1.777e-06	1.351e-06
1.8	1.1	1.353	1.353	1.693e-06	1.252e-06
1.82	1.1	1.39	1.39	1.6e-06	1.151e-06
1.84	1.1	1.427	1.427	1.495e-06	1.048e-06
1.86	1.1	1.465	1.465	1.379e-06	9.414e-07
1.88	1.1	1.503	1.503	1.248e-06	8.307e-07
1.9	1.1	1.541	1.541	1.101e-06	7.148e-07
1.92	1.1	1.579	1.579	9.352e-07	5.923e-07
1.94	1.1	1.618	1.618	7.466e-07	4.616e-07
1.96	1.1	1.656	1.656	5.314e-07	3.208e-07
1.98	1.1	1.695	1.695	2.844e-07	1.678e-07
1.02	1.12	0.1521	0.1521	3.457e-07	2.273e-06
1.04	1.12	0.1777	0.1777	6.486e-07	3.65e-06
1.06	1.12	0.2037	0.2037	9.14e-07	4.487e-06
1.08	1.12	0.2302	0.2302	1.147e-06	4.983e-06
1.1	1.12	0.257	0.257	1.352e-06	5.26e-06
1.12	1.12	0.2843	0.2843	1.533e-06	5.391e-06
1.14	1.12	0.312	0.312	1.692e-06	5.423e-06
1.16	1.12	0.3401	0.3401	1.833e-06	5.389e-06
1.18	1.12	0.3685	0.3685	1.957e-06	5.31e-06
1.2	1.12	0.3974	0.3974	2.067e-06	5.201e-06
1.22	1.12	0.4266	0.4266	2.163e-06	5.072e-06
1.24	1.12	0.4561	0.4561	2.249e-06	4.93e-06
1.26	1.12	0.4861	0.4861	2.323e-06	4.78e-06
1.28	1.12	0.5164	0.5164	2.388e-06	4.625e-06
1.3	1.12	0.547	0.547	2.445e-06	4.469e-06
1.32	1.12	0.578	0.578	2.493e-06	4.314e-06
1.34	1.12	0.6093	0.6093	2.535e-06	4.16e-06
1.36	1.12	0.641	0.641	2.569e-06	4.008e-06
1.38	1.12	0.673	0.673	2.597e-06	3.859e-06
1.4	1.12	0.7053	0.7053	2.619e-06	3.713e-06
1.42	1.12	0.7379	0.7379	2.635e-06	3.571e-06
1.44	1.12	0.7709	0.7709	2.646e-06	3.433e-06
1.46	1.12	0.8041	0.8041	2.652e-06	3.298e-06
1.48	1.12	0.8377	0.8377	2.653e-06	3.167e-06
1.5	1.12	0.8716	0.8716	2.649e-06	3.039e-06
1.52	1.12	0.9057	0.9057	2.64e-06	2.914e-06
1.54	1.12	0.9402	0.9402	2.626e-06	2.793e-06
1.56	1.12	0.975	0.975	2.607e-06	2.674e-06
1.58	1.12	1.01	1.01	2.583e-06	2.558e-06
1.6	1.12	1.045	1.045	2.554e-06	2.444e-06
1.62	1.12	1.081	1.081	2.52e-06	2.332e-06
1.64	1.12	1.117	1.117	2.481e-06	2.221e-06
1.66	1.12	1.153	1.153	2.436e-06	2.113e-06
1.68	1.12	1.189	1.189	2.385e-06	2.005e-06
1.7	1.12	1.226	1.226	2.327e-06	1.898e-06
1.72	1.12	1.263	1.263	2.262e-06	1.791e-06
1.74	1.12	1.3	1.3	2.19e-06	1.684e-06
1.76	1.12	1.338	1.338	2.11e-06	1.577e-06
1.78	1.12	1.375	1.375	2.021e-06	1.469e-06
1.8	1.12	1.413	1.413	1.922e-06	1.36e-06
1.82	1.12	1.452	1.452	1.812e-06	1.248e-06
1.84	1.12	1.49	1.49	1.69e-06	1.134e-06
1.86	1.12	1.529	1.529	1.553e-06	1.016e-06
1.88	1.12	1.568	1.568	1.401e-06	8.939e-07
1.9	1.12	1.607	1.607	1.232e-06	7.664e-07
1.92	1.12	1.646	1.646	1.041e-06	6.323e-07
1.94	1.12	1.686	1.686	8.267e-07	4.903e-07
1.96	1.12	1.726	1.726	5.846e-07	3.387e-07
1.98	1.12	1.766	1.766	3.107e-07	1.759e-07
1.02	1.14	0.1754	0.1754	3.748e-07	2.137e-06
1.04	1.14	0.2018	0.2018	7.063e-07	3.499e-06
1.06	1.14	0.2287	0.2287	9.995e-07	4.369e-06
1.08	1.14	0.2561	0.2561	1.259e-06	4.916e-06
1.1	1.14	0.2838	0.2838	1.489e-06	5.245e-06
1.12	1.14	0.312	0.312	1.692e-06	5.423e-06
1.14	1.14	0.3406	0.3406	1.872e-06	5.497e-06
1.16	1.14	0.3695	0.3695	2.032e-06	5.499e-06
1.18	1.14	0.3989	0.3989	2.173e-06	5.448e-06
1.2	1.14	0.4287	0.4287	2.299e-06	5.362e-06
1.22	1.14	0.4588	0.4588	2.409e-06	5.251e-06
1.24	1.14	0.4893	0.4893	2.507e-06	5.123e-06
1.26	1.14	0.5202	0.5202	2.592e-06	4.983e-06
1.28	1.14	0.5514	0.5514	2.667e-06	4.836e-06
1.3	1.14	0.583	0.583	2.731e-06	4.685e-06
1.32	1.14	0.615	0.615	2.787e-06	4.532e-06
1.34	1.14	0.6472	0.6472	2.834e-06	4.379e-06
1.36	1.14	0.6799	0.6799	2.873e-06	4.227e-06
1.38	1.14	0.7128	0.7128	2.905e-06	4.076e-06
1.4	1.14	0.7461	0.7461	2.931e-06	3.928e-06
1.42	1.14	0.7798	0.7798	2.949e-06	3.782e-06
1.44	1.14	0.8137	0.8137	2.961e-06	3.639e-06
1.46	1.14	0.848	0.848	2.968e-06	3.5e-06
1.48	1.14	0.8825	0.8825	2.968e-06	3.363e-06
1.5	1.14	0.9174	0.9174	2.963e-06	3.23e-06
1.52	1.14	0.9526	0.9526	2.952e-06	3.099e-06
1.54	1.14	0.9881	0.9881	2.935e-06	2.971e-06
1.56	1.14	1.024	1.024	2.913e-06	2.845e-06
1.58	1.14	1.06	1.06	2.886e-06	2.722e-06
1.6	1.14	1.096	1.096	2.852e-06	2.601e-06
1.62	1.14	1.133	1.133	2.812e-06	2.482e-06
1.64	1.14	1.17	1.17	2.766e-06	2.365e-06
1.66	1.14	1.207	1.207	2.714e-06	2.248e-06
1.68	1.14	1.245	1.245	2.654e-06	2.133e-06
1.7	1.14	1.282	1.282	2.588e-06	2.018e-06
1.72	1.14	1.32	1.32	2.513e-06	1.903e-06
1.74	1.14	1.359	1.359	2.43e-06	1.789e-06
1.76	1.14	1.397	1.397	2.338e-06	1.673e-06
1.78	1.14	1.436	1.436	2.236e-06	1.557e-06
1.8	1.14	1.475	1.475	2.122e-06	1.439e-06
1.82	1.14	1.514	1.514	1.997e-06	1.319e-06
1.84	1.14	1.554	1.554	1.858e-06	1.196e-06
1.86	1.14	1.594	1.594	1.704e-06	1.069e-06
1.88	1.14	1.634	1.634	1.533e-06	9.38e-07
1.9	1.14	1.674	1.674	1.342e-06	8.018e-07
1.92	1.14	1.715	1.715	1.13e-06	6.591e-07
1.94	1.14	1.755	1.755	8.934e-07	5.09e-07
1.96	1.14	1.796	1.796	6.287e-07	3.5e-07
1.98	1.14	1.838	1.838	3.322e-07	1.808e-07
1.02	1.16	0.199	0.199	4e-07	2.01e-06
1.04	1.16	0.2264	0.2264	7.566e-07	3.342e-06
1.06	1.16	0.2541	0.2541	1.074e-06	4.227e-06
1.08	1.16	0.2824	0.2824	1.357e-06	4.806e-06
1.1	1.16	0.311	0.311	1.609e-06	5.173e-06
1.12	1.16	0.3401	0.3401	1.833e-06	5.389e-06
1.14	1.16	0.3695	0.3695	2.032e-06	5.499e-06
1.16	1.16	0.3994	0.3994	2.209e-06	5.531e-06
1.18	1.16	0.4297	0.4297	2.366e-06	5.507e-06
1.2	1.16	0.4604	0.4604	2.506e-06	5.443e-06
1.22	1.16	0.4915	0.4915	2.629e-06	5.35e-06
1.24	1.16	0.5229	0.5229	2.738e-06	5.237e-06
1.26	1.16	0.5547	0.5547	2.834e-06	5.109e-06
1.28	1.16	0.5869	0.5869	2.917e-06	4.971e-06
1.3	1.16	0.6195	0.6195	2.99e-06	4.827e-06
1.32	1.16	0.6524	0.6524	3.052e-06	4.679e-06
1.34	1.16	0.6856	0.6856	3.105e-06	4.529e-06
1.36	1.16	0.7192	0.7192	3.149e-06	4.378e-06
1.38	1.16	0.7532	0.7532	3.185e-06	4.228e-06
1.4	1.16	0.7875	0.7875	3.212e-06	4.079e-06
1.42	1.16	0.8221	0.8221	3.233e-06	3.933e-06
1.44	1.16	0.857	0.857	3.246e-06	3.788e-06
1.46	1.16	0.8923	0.8923	3.253e-06	3.646e-06
1.48	1.16	0.9279	0.9279	3.253e-06	3.506e-06
1.5	1.16	0.9638	0.9638	3.247e-06	3.369e-06
1.52	1.16	1	1	3.234e-06	3.234e-06
1.54	1.16	1.036	1.036	3.215e-06	3.102e-06
1.56	1.16	1.073	1.073	3.189e-06	2.972e-06
1.58	1.16	1.11	1.11	3.157e-06	2.844e-06
1.6	1.16	1.148	1.148	3.119e-06	2.717e-06
1.62	1.16	1.185	1.185	3.074e-06	2.593e-06
1.64	1.16	1.223	1.223	3.022e-06	2.47e-06
1.66	1.16	1.262	1.262	2.962e-06	2.348e-06
1.68	1.16	1.3	1.3	2.895e-06	2.226e-06
1.7	1.16	1.339	1.339	2.82e-06	2.106e-06
1.72	1.16	1.378	1.378	2.735e-06	1.985e-06
1.74	1.16	1.418	1.418	2.642e-06	1.864e-06
1.76	1.16	1.457	1.457	2.538e-06	1.742e-06
1.78	1.16	1.497	1.497	2.424e-06	1.619e-06
1.8	1.16	1.537	1.537	2.297e-06	1.494e-06
1.82	1.16	1.578	1.578	2.158e-06	1.368e-06
1.84	1.16	1.618	1.618	2.003e-06	1.238e-06
1.86	1.16	1.659	1.659	1.833e-06	1.105e-06
1.88	1.16	1.7	1.7	1.644e-06	9.671e-07
1.9	1.16	1.742	1.742	1.436e-06	8.244e-07
1.92	1.16	1.783	1.783	1.205e-06	6.757e-07
1.94	1.16	1.825	1.825	9.491e-07	5.2e-07
1.96	1.16	1.867	1.867	6.651e-07	3.562e-07
1.98	1.16	1.91	1.91	3.499e-07	1.832e-07
1.02	1.18	0.223	0.223	4.22e-07	1.892e-06
1.04	1.18	0.2513	0.2513	8.005e-07	3.186e-06
1.06	1.18	0.2799	0.2799	1.14e-06	4.071e-06
1.08	1.18	0.309	0.309	1.443e-06	4.67e-06
1.1	1.18	0.3386	0.3386	1.714e-06	5.064e-06
1.12	1.18	0.3685	0.3685	1.957e-06	5.31e-06
1.14	1.18	0.3989	0.3989	2.173e-06	5.448e-06
1.16	1.18	0.4297	0.4297	2.366e-06	5.507e-06
1.18	1.18	0.4609	0.4609	2.538e-06	5.507e-06
1.2	1.18	0.4925	0.4925	2.691e-06	5.463e-06
1.22	1.18	0.5245	0.5245	2.826e-06	5.388e-06
1.24	1.18	0.5569	0.5569	2.946e-06	5.289e-06
1.26	1.18	0.5897	0.5897	3.051e-06	5.173e-06
1.28	1.18	0.6229	0.6229	3.143e-06	5.046e-06
1.3	1.18	0.6564	0.6564	3.222e-06	4.909e-06
1.32	1.18	0.6902	0.6902	3.291e-06	4.767e-06
1.34	1.18	0.7245	0.7245	3.349e-06	4.622e-06
1.36	1.18	0.7591	0.7591	3.397e-06	4.475e-06
1.38	1.18	0.794	0.794	3.436e-06	4.327e-06
1.4	1.18	0.8293	0.8293	3.466e-06	4.18e-06
1.42	1.18	0.8649	0.8649	3.489e-06	4.034e-06
1.44	1.18	0.9008	0.9008	3.503e-06	3.889e-06
1.46	1.18	0.9371	0.9371	3.51e-06	3.746e-06
1.48	1.18	0.9737	0.9737	3.51e-06	3.604e-06
1.5	1.18	1.011	1.011	3.502e-06	3.465e-06
1.52	1.18	1.048	1.048	3.487e-06	3.328e-06
1.54	1.18	1.085	1.085	3.466e-06	3.193e-06
1.56	1.18	1.123	1.123	3.437e-06	3.06e-06
1.58	1.18	1.161	1.161	3.401e-06	2.928e-06
1.6	1.18	1.2	1.2	3.358e-06	2.799e-06
1.62	1.18	1.239	1.239	3.308e-06	2.67e-06
1.64	1.18	1.278	1.278	3.249e-06	2.543e-06
1.66	1.18	1.317	1.317	3.183e-06	2.417e-06
1.68	1.18	1.357	1.357	3.108e-06	2.291e-06
1.7	1.18	1.396	1.396	3.025e-06	2.166e-06
1.72	1.18	1.437	1.437	2.932e-06	2.041e-06
1.74	1.18	1.477	1.477	2.829e-06	1.915e-06
1.76	1.18	1.518	1.518	2.714e-06	1.788e-06
1.78	1.18	1.559	1.559	2.588e-06	1.661e-06
1.8	1.18	1.6	1.6	2.449e-06	1.531e-06
1.82	1.18	1.642	1.642	2.297e-06	1.399e-06
1.84	1.18	1.683	1.683	2.128e-06	1.264e-06
1.86	1.18	1.725	1.725	1.943e-06	1.126e-06
1.88	1.18	1.768	1.768	1.739e-06	9.841e-07
1.9	1.18	1.81	1.81	1.515e-06	8.37e-07
1.92	1.18	1.853	1.853	1.268e-06	6.842e-07
1.94	1.18	1.896	1.896	9.954e-07	5.25e-07
1.96	1.18	1.939	1.939	6.952e-07	3.585e-07
1.98	1.18	1.983	1.983	3.644e-07	1.838e-07
1.02	1.2	0.2474	0.2474	4.413e-07	1.784e-06
1.04	1.2	0.2765	0.2765	8.391e-07	3.035e-06
1.06	1.2	0.306	0.306	1.197e-06	3.912e-06
1.08	1.2	0.336	0.336	1.519e-06	4.52e-06
1.1	1.2	0.3665	0.3665	1.808e-06	4.933e-06
1.12	1.2	0.3974	0.3974	2.067e-06	5.201e-06
1.14	1.2	0.4287	0.4287	2.299e-06	5.362e-06
1.16	1.2	0.4604	0.4604	2.506e-06	5.443e-06
1.18	1.2	0.4925	0.4925	2.691e-06	5.463e-06
1.2	1.2	0.5251	0.5251	2.856e-06	5.438e-06
1.22	1.2	0.558	0.558	3.002e-06	5.379e-06
1.24	1.2	0.5914	0.5914	3.131e-06	5.294e-06
1.26	1.2	0.6251	0.6251	3.245e-06	5.191e-06
1.28	1.2	0.6592	0.6592	3.344e-06	5.073e-06
1.3	1.2	0.6937	0.6937	3.431e-06	4.945e-06
1.32	1.2	0.7286	0.7286	3.505e-06	4.81e-06
1.34	1.2	0.7638	0.7638	3.567e-06	4.671e-06
1.36	1.2	0.7994	0.7994	3.62e-06	4.528e-06
1.38	1.2	0.8353	0.8353	3.662e-06	4.384e-06
1.4	1.2	0.8716	0.8716	3.695e-06	4.239e-06
1.42	1.2	0.9082	0.9082	3.718e-06	4.094e-06
1.44	1.2	0.9452	0.9452	3.734e-06	3.95e-06
1.46	1.2	0.9825	0.9824	3.741e-06	3.807e-06
1.48	1.2	1.02	1.02	3.74e-06	3.666e-06
1.5	1.2	1.058	1.058	3.731e-06	3.526e-06
1.52	1.2	1.096	1.096	3.714e-06	3.388e-06
1.54	1.2	1.135	1.135	3.69e-06	3.251e-06
1.56	1.2	1.174	1.174	3.658e-06	3.117e-06
1.58	1.2	1.213	1.213	3.618e-06	2.983e-06
1.6	1.2	1.252	1.252	3.571e-06	2.851e-06
1.62	1.2	1.292	1.292	3.515e-06	2.72e-06
1.64	1.2	1.332	1.332	3.451e-06	2.59e-06
1.66	1.2	1.373	1.373	3.379e-06	2.461e-06
1.68	1.2	1.413	1.413	3.297e-06	2.333e-06
1.7	1.2	1.454	1.454	3.206e-06	2.204e-06
1.72	1.2	1.496	1.496	3.104e-06	2.075e-06
1.74	1.2	1.537	1.537	2.992e-06	1.946e-06
1.76	1.2	1.579	1.579	2.868e-06	1.816e-06
1.78	1.2	1.621	1.621	2.731e-06	1.685e-06
1.8	1.2	1.663	1.663	2.581e-06	1.552e-06
1.82	1.2	1.706	1.706	2.416e-06	1.416e-06
1.84	1.2	1.749	1.749	2.235e-06	1.278e-06
1.86	1.2	1.792	1.792	2.037e-06	1.137e-06
1.88	1.2	1.835	1.835	1.82e-06	9.915e-07
1.9	1.2	1.879	1.879	1.582e-06	8.416e-07
1.92	1.2	1.923	1.923	1.32e-06	6.865e-07
1.94	1.2	1.967	1.967	1.034e-06	5.255e-07
1.96	1.2	2.012	2.012	7.2e-07	3.579e-07
1.98	1.2	2.056	2.056	3.762e-07	1.829e-07
1.02	1.22	0.2721	0.2721	4.582e-07	1.684e-06
1.04	1.22	0.3021	0.3021	8.729e-07	2.89e-06
1.06	1.22	0.3325	0.3325	1.247e-06	3.752e-06
1.08	1.22	0.3634	0.3634	1.585e-06	4.363e-06
1.1	1.22	0.3948	0.3948	1.89e-06	4.787e-06
1.12	1.22	0.4266	0.4266	2.163e-06	5.072e-06
1.14	1.22	0.4588	0.4588	2.409e-06	5.251e-06
1.16	1.22	0.4915	0.4915	2.629e-06	5.35e-06
1.18	1.22	0.5245	0.5245	2.826e-06	5.388e-06
1.2	1.22	0.558	0.558	3.002e-06	5.379e-06
1.22	1.22	0.5919	0.5919	3.158e-06	5.335e-06
1.24	1.22	0.6262	0.6262	3.296e-06	5.263e-06
1.26	1.22	0.6609	0.6609	3.418e-06	5.171e-06
1.28	1.22	0.696	0.696	3.524e-06	5.063e-06
1.3	1.22	0.7315	0.7315	3.616e-06	4.944e-06
1.32	1.22	0.7673	0.7673	3.696e-06	4.816e-06
1.34	1.22	0.8035	0.8035	3.763e-06	4.683e-06
1.36	1.22	0.8401	0.8401	3.818e-06	4.545e-06
1.38	1.22	0.877	0.877	3.863e-06	4.405e-06
1.4	1.22	0.9143	0.9143	3.898e-06	4.263e-06
1.42	1.22	0.952	0.952	3.923e-06	4.121e-06
1.44	1.22	0.99	0.9899	3.939e-06	3.979e-06
1.46	1.22	1.028	1.028	3.946e-06	3.838e-06
1.48	1.22	1.067	1.067	3.945e-06	3.697e-06
1.5	1.22	1.106	1.106	3.935e-06	3.558e-06
1.52	1.22	1.145	1.145	3.916e-06	3.42e-06
1.54	1.22	1.185	1.185	3.889e-06	3.283e-06
1.56	1.22	1.225	1.225	3.854e-06	3.147e-06
1.58	1.22	1.265	1.265	3.811e-06	3.013e-06
1.6	1.22	1.306	1.306	3.759e-06	2.879e-06
1.62	1.22	1.346	1.346	3.699e-06	2.747e-06
1.64	1.22	1.388	1.388	3.629e-06	2.616e-06
1.66	1.22	1.429	1.429	3.551e-06	2.485e-06
1.68	1.22	1.471	1.471	3.462e-06	2.354e-06
1.7	1.22	1.513	1.513	3.364e-06	2.223e-06
1.72	1.22	1.555	1.555	3.254e-06	2.092e-06
1.74	1.22	1.598	1.598	3.134e-06	1.961e-06
1.76	1.22	1.641	1.641	3.001e-06	1.829e-06
1.78	1.22	1.684	1.684	2.854e-06	1.695e-06
1.8	1.22	1.727	1.727	2.694e-06	1.56e-06
1.82	1.22	1.771	1.771	2.519e-06	1.422e-06
1.84	1.22	1.815	1.815	2.327e-06	1.282e-06
1.86	1.22	1.859	1.859	2.117e-06	1.138e-06
1.88	1.22	1.904	1.904	1.887e-06	9.913e-07
1.9	1.22	1.949	1.949	1.637e-06	8.4e-07
1.92	1.22	1.994	1.994	1.364e-06	6.839e-07
1.94	1.22	2.039	2.039	1.065e-06	5.225e-07
1.96	1.22	2.085	2.085	7.401e-07	3.55e-07
1.98	1.22	2.13	2.13	3.857e-07	1.81e-07
1.02	1.24	0.2971	0.2971	4.73e-07	1.592e-06
1.04	1.24	0.328	0.328	9.025e-07	2.752e-06
1.06	1.24	0.3593	0.3593	1.292e-06	3.595e-06
1.08	1.24	0.3911	0.3911	1.644e-06	4.203e-06
1.1	1.24	0.4234	0.4234	1.962e-06	4.633e-06
1.12	1.24	0.4561	0.4561	2.249e-06	4.93e-06
1.14	1.24	0.4893	0.4893	2.507e-06	5.123e-06
1.16	1.24	0.5229	0.5229	2.738e-06	5.237e-06
1.18	1.24	0.5569	0.5569	2.946e-06	5.289e-06
1.2	1.24	0.5914	0.5914	3.131e-06	5.294e-06
1.22	1.24	0.6262	0.6262	3.296e-06	5.263e-06
1.24	1.24	0.6615	0.6615	3.442e-06	5.203e-06
1.26	1.24	0.6972	0.6972	3.571e-06	5.122e-06
1.28	1.24	0.7332	0.7332	3.683e-06	5.024e-06
1.3	1.24	0.7697	0.7697	3.781e-06	4.913e-06
1.32	1.24	0.8065	0.8065	3.865e-06	4.792e-06
1.34	1.24	0.8437	0.8437	3.936e-06	4.665e-06
1.36	1.24	0.8813	0.8813	3.995e-06	4.533e-06
1.38	1.24	0.9193	0.9192	4.043e-06	4.398e-06
1.4	1.24	0.9576	0.9575	4.079e-06	4.26e-06
1.42	1.24	0.9962	0.9962	4.105e-06	4.121e-06
1.44	1.24	1.035	1.035	4.122e-06	3.982e-06
1.46	1.24	1.075	1.075	4.129e-06	3.842e-06
1.48	1.24	1.114	1.114	4.126e-06	3.703e-06
1.5	1.24	1.154	1.154	4.115e-06	3.565e-06
1.52	1.24	1.195	1.195	4.095e-06	3.428e-06
1.54	1.24	1.235	1.235	4.066e-06	3.291e-06
1.56	1.24	1.276	1.276	4.028e-06	3.156e-06
1.58	1.24	1.318	1.318	3.981e-06	3.021e-06
1.6	1.24	1.359	1.359	3.925e-06	2.888e-06
1.62	1.24	1.401	1.401	3.86e-06	2.755e-06
1.64	1.24	1.443	1.443	3.785e-06	2.622e-06
1.66	1.24	1.486	1.486	3.701e-06	2.491e-06
1.68	1.24	1.529	1.529	3.606e-06	2.359e-06
1.7	1.24	1.572	1.572	3.501e-06	2.227e-06
1.72	1.24	1.615	1.615	3.385e-06	2.095e-06
1.74	1.24	1.659	1.659	3.256e-06	1.962e-06
1.76	1.24	1.703	1.703	3.115e-06	1.829e-06
1.78	1.24	1.747	1.747	2.96e-06	1.694e-06
1.8	1.24	1.792	1.792	2.79e-06	1.557e-06
1.82	1.24	1.837	1.837	2.605e-06	1.418e-06
1.84	1.24	1.882	1.882	2.403e-06	1.277e-06
1.86	1.24	1.927	1.927	2.183e-06	1.133e-06
1.88	1.24	1.973	1.973	1.944e-06	9.85e-07
1.9	1.24	2.019	2.019	1.683e-06	8.335e-07
1.92	1.24	2.065	2.065	1.399e-06	6.775e-07
1.94	1.24	2.112	2.112	1.091e-06	5.166e-07
1.96	1.24	2.158	2.158	7.562e-07	3.504e-07
1.98	1.24	2.205	2.205	3.932e-07	1.783e-07
1.02	1.26	0.3225	0.3225	4.86e-07	1.507e-06
1.04	1.26	0.3542	0.3542	9.284e-07	2.621e-06
1.06	1.26	0.3865	0.3865	1.33e-06	3.442e-06
1.08	1.26	0.4192	0.4192	1.695e-06	4.043e-06
1.1	1.26	0.4524	0.4524	2.025e-06	4.476e-06
1.12	1.26	0.4861	0.4861	2.323e-06	4.78e-06
1.14	1.26	0.5202	0.5202	2.592e-06	4.983e-06
1.16	1.26	0.5547	0.5547	2.834e-06	5.109e-06
1.18	1.26	0.5897	0.5897	3.051e-06	5.173e-06
1.2	1.26	0.6251	0.6251	3.245e-06	5.191e-06
1.22	1.26	0.6609	0.6609	3.418e-06	5.171e-06
1.24	1.26	0.6972	0.6972	3.571e-06	5.122e-06
1.26	1.26	0.7338	0.7338	3.706e-06	5.05e-06
1.28	1.26	0.7709	0.7709	3.824e-06	4.961e-06
1.3	1.26	0.8083	0.8083	3.927e-06	4.858e-06
1.32	1.26	0.8461	0.8461	4.015e-06	4.745e-06
1.34	1.26	0.8844	0.8844	4.089e-06	4.624e-06
1.36	1.26	0.9229	0.9229	4.151e-06	4.498e-06
1.38	1.26	0.9619	0.9619	4.201e-06	4.367e-06
1.4	1.26	1.001	1.001	4.239e-06	4.234e-06
1.42	1.26	1.041	1.041	4.266e-06	4.098e-06
1.44	1.26	1.081	1.081	4.283e-06	3.962e-06
1.46	1.26	1.121	1.121	4.289e-06	3.825e-06
1.48	1.26	1.162	1.162	4.286e-06	3.689e-06
1.5	1.26	1.203	1.203	4.274e-06	3.552e-06
1.52	1.26	1.245	1.245	4.251e-06	3.416e-06
1.54	1.26	1.286	1.286	4.22e-06	3.281e-06
1.56	1.26	1.328	1.328	4.179e-06	3.146e-06
1.58	1.26	1.371	1.371	4.129e-06	3.012e-06
1.6	1.26	1.413	1.413	4.069e-06	2.879e-06
1.62	1.26	1.456	1.456	4e-06	2.746e-06
1.64	1.26	1.5	1.5	3.921e-06	2.614e-06
1.66	1.26	1.543	1.543	3.831e-06	2.482e-06
1.68	1.26	1.587	1.587	3.731e-06	2.35e-06
1.7	1.26	1.632	1.632	3.619e-06	2.218e-06
1.72	1.26	1.676	1.676	3.496e-06	2.086e-06
1.74	1.26	1.721	1.721	3.36e-06	1.953e-06
1.76	1.26	1.766	1.766	3.212e-06	1.818e-06
1.78	1.26	1.812	1.812	3.049e-06	1.683e-06
1.8	1.26	1.857	1.857	2.871e-06	1.546e-06
1.82	1.26	1.903	1.903	2.678e-06	1.407e-06
1.84	1.26	1.949	1.949	2.467e-06	1.266e-06
1.86	1.26	1.996	1.996	2.238e-06	1.121e-06
1.88	1.26	2.043	2.043	1.99e-06	9.739e-07
1.9	1.26	2.09	2.09	1.72e-06	8.23e-07
1.92	1.26	2.137	2.137	1.428e-06	6.68e-07
1.94	1.26	2.185	2.185	1.111e-06	5.086e-07
1.96	1.26	2.233	2.233	7.689e-07	3.444e-07
1.98	1.26	2.281	2.281	3.991e-07	1.75e-07
1.02	1.28	0.3482	0.3482	4.973e-07	1.428e-06
1.04	1.28	0.3808	0.3808	9.51e-07	2.497e-06
1.06	1.28	0.414	0.414	1.364e-06	3.295e-06
1.08	1.28	0.4477	0.4477	1.74e-06	3.886e-06
1.1	1.28	0.4818	0.4818	2.08e-06	4.318e-06
1.12	1.28	0.5164	0.5164	2.388e-06	4.625e-06
1.14	1.28	0.5514	0.5514	2.667e-06	4.836e-06
1.16	1.28	0.5869	0.5869	2.917e-06	4.971e-06
1.18	1.28	0.6229	0.6229	3.143e-06	5.046e-06
1.2	1.28	0.6592	0.6592	3.344e-06	5.073e-06
1.22	1.28	0.696	0.696	3.524e-06	5.063e-06
1.24	1.28	0.7332	0.7332	3.683e-06	5.024e-06
1.26	1.28	0.7709	0.7709	3.824e-06	4.961e-06
1.28	1.28	0.8089	0.8089	3.947e-06	4.88e-06
1.3	1.28	0.8474	0.8473	4.054e-06	4.785e-06
1.32	1.28	0.8862	0.8862	4.146e-06	4.679e-06
1.34	1.28	0.9254	0.9254	4.224e-06	4.564e-06
1.36	1.28	0.965	0.965	4.288e-06	4.443e-06
1.38	1.28	1.005	1.005	4.339e-06	4.318e-06
1.4	1.28	1.045	1.045	4.379e-06	4.189e-06
1.42	1.28	1.086	1.086	4.406e-06	4.057e-06
1.44	1.28	1.127	1.127	4.423e-06	3.924e-06
1.46	1.28	1.169	1.169	4.43e-06	3.791e-06
1.48	1.28	1.21	1.21	4.426e-06	3.657e-06
1.5	1.28	1.252	1.252	4.412e-06	3.522e-06
1.52	1.28	1.295	1.295	4.388e-06	3.388e-06
1.54	1.28	1.338	1.338	4.354e-06	3.255e-06
1.56	1.28	1.381	1.381	4.311e-06	3.122e-06
1.58	1.28	1.424	1.424	4.257e-06	2.989e-06
1.6	1.28	1.468	1.468	4.194e-06	2.857e-06
1.62	1.28	1.512	1.512	4.121e-06	2.725e-06
1.64	1.28	1.557	1.557	4.037e-06	2.593e-06
1.66	1.28	1.601	1.601	3.942e-06	2.462e-06
1.68	1.28	1.646	1.646	3.837e-06	2.33e-06
1.7	1.28	1.692	1.692	3.72e-06	2.199e-06
1.72	1.28	1.737	1.737	3.59e-06	2.067e-06
1.74	1.28	1.783	1.783	3.449e-06	1.934e-06
1.76	1.28	1.83	1.83	3.293e-06	1.8e-06
1.78	1.28	1.876	1.876	3.123e-06	1.665e-06
1.8	1.28	1.923	1.923	2.938e-06	1.528e-06
1.82	1.28	1.97	1.97	2.737e-06	1.389e-06
1.84	1.28	2.018	2.018	2.519e-06	1.249e-06
1.86	1.28	2.065	2.065	2.283e-06	1.105e-06
1.88	1.28	2.113	2.113	2.027e-06	9.59e-07
1.9	1.28	2.161	2.161	1.75e-06	8.094e-07
1.92	1.28	2.21	2.21	1.45e-06	6.562e-07
1.94	1.28	2.259	2.259	1.127e-06	4.99e-07
1.96	1.28	2.308	2.308	7.786e-07	3.374e-07
1.98	1.28	2.357	2.357	4.034e-07	1.712e-07
1.02	1.3	0.3742	0.3742	5.072e-07	1.356e-06
1.04	1.3	0.4077	0.4077	9.706e-07	2.381e-06
1.06	1.3	0.4418	0.4418	1.393e-06	3.154e-06
1.08	1.3	0.4764	0.4764	1.778e-06	3.733e-06
1.1	1.3	0.5115	0.5115	2.128e-06	4.16e-06
1.12	1.3	0.547	0.547	2.445e-06	4.469e-06
1.14	1.3	0.583	0.583	2.731e-06	4.685e-06
1.16	1.3	0.6195	0.6195	2.99e-06	4.827e-06
1.18	1.3	0.6564	0.6564	3.222e-06	4.909e-06
1.2	1.3	0.6937	0.6937	3.431e-06	4.945e-06
1.22	1.3	0.7315	0.7315	3.616e-06	4.944e-06
1.24	1.3	0.7697	0.7697	3.781e-06	4.913e-06
1.26	1.3	0.8083	0.8083	3.927e-06	4.858e-06
1.28	1.3	0.8474	0.8473	4.054e-06	4.785e-06
1.3	1.3	0.8868	0.8868	4.165e-06	4.697e-06
1.32	1.3	0.9266	0.9266	4.26e-06	4.597e-06
1.34	1.3	0.9669	0.9669	4.34e-06	4.489e-06
1.36	1.3	1.007	1.007	4.406e-06	4.373e-06
1.38	1.3	1.049	1.048	4.459e-06	4.253e-06
1.4	1.3	1.09	1.09	4.499e-06	4.128e-06
1.42	1.3	1.132	1.132	4.528e-06	4.001e-06
1.44	1.3	1.174	1.174	4.545e-06	3.872e-06
1.46	1.3	1.216	1.216	4.551e-06	3.742e-06
1.48	1.3	1.259	1.259	4.546e-06	3.61e-06
1.5	1.3	1.302	1.302	4.53e-06	3.479e-06
1.52	1.3	1.346	1.346	4.505e-06	3.347e-06
1.54	1.3	1.39	1.39	4.469e-06	3.216e-06
1.56	1.3	1.434	1.434	4.423e-06	3.084e-06
1.58	1.3	1.478	1.478	4.367e-06	2.953e-06
1.6	1.3	1.523	1.523	4.3e-06	2.823e-06
1.62	1.3	1.569	1.569	4.223e-06	2.692e-06
1.64	1.3	1.614	1.614	4.135e-06	2.562e-06
1.66	1.3	1.66	1.66	4.036e-06	2.432e-06
1.68	1.3	1.706	1.706	3.926e-06	2.301e-06
1.7	1.3	1.753	1.753	3.804e-06	2.17e-06
1.72	1.3	1.799	1.799	3.669e-06	2.039e-06
1.74	1.3	1.846	1.846	3.521e-06	1.907e-06
1.76	1.3	1.894	1.894	3.36e-06	1.774e-06
1.78	1.3	1.941	1.941	3.184e-06	1.64e-06
1.8	1.3	1.989	1.989	2.993e-06	1.505e-06
1.82	1.3	2.038	2.038	2.786e-06	1.367e-06
1.84	1.3	2.086	2.086	2.561e-06	1.228e-06
1.86	1.3	2.135	2.135	2.318e-06	1.086e-06
1.88	1.3	2.184	2.184	2.055e-06	9.411e-07
1.9	1.3	2.233	2.233	1.772e-06	7.935e-07
1.92	1.3	2.283	2.283	1.467e-06	6.426e-07
1.94	1.3	2.333	2.333	1.139e-06	4.88e-07
1.96	1.3	2.383	2.383	7.855e-07	3.296e-07
1.98	1.3	2.434	2.434	4.064e-07	1.67e-07
1.02	1.32	0.4005	0.4005	5.157e-07	1.288e-06
1.04	1.32	0.435	0.435	9.875e-07	2.27e-06
1.06	1.32	0.47	0.47	1.419e-06	3.018e-06
1.08	1.32	0.5055	0.5055	1.811e-06	3.584e-06
1.1	1.32	0.5415	0.5415	2.169e-06	4.005e-06
1.12	1.32	0.578	0.578	2.493e-06	4.314e-06
1.14	1.32	0.615	0.615	2.787e-06	4.532e-06
1.16	1.32	0.6524	0.6524	3.052e-06	4.679e-06
1.18	1.32	0.6902	0.6902	3.291e-06	4.767e-06
1.2	1.32	0.7286	0.7286	3.505e-06	4.81e-06
1.22	1.32	0.7673	0.7673	3.696e-06	4.816e-06
1.24	1.32	0.8065	0.8065	3.865e-06	4.792e-06
1.26	1.32	0.8461	0.8461	4.015e-06	4.745e-06
1.28	1.32	0.8862	0.8862	4.146e-06	4.679e-06
1.3	1.32	0.9266	0.9266	4.26e-06	4.597e-06
1.32	1.32	0.9675	0.9675	4.357e-06	4.504e-06
1.34	1.32	1.009	1.009	4.44e-06	4.401e-06
1.36	1.32	1.05	1.05	4.507e-06	4.291e-06
1.38	1.32	1.092	1.092	4.561e-06	4.175e-06
1.4	1.32	1.135	1.135	4.603e-06	4.056e-06
1.42	1.32	1.178	1.178	4.631e-06	3.933e-06
1.44	1.32	1.221	1.221	4.648e-06	3.807e-06
1.46	1.32	1.264	1.264	4.653e-06	3.68e-06
1.48	1.32	1.308	1.308	4.648e-06	3.553e-06
1.5	1.32	1.353	1.353	4.631e-06	3.424e-06
1.52	1.32	1.397	1.397	4.604e-06	3.295e-06
1.54	1.32	1.442	1.442	4.566e-06	3.166e-06
1.56	1.32	1.487	1.487	4.517e-06	3.037e-06
1.58	1.32	1.533	1.533	4.458e-06	2.908e-06
1.6	1.32	1.579	1.579	4.389e-06	2.779e-06
1.62	1.32	1.625	1.625	4.308e-06	2.651e-06
1.64	1.32	1.672	1.672	4.217e-06	2.522e-06
1.66	1.32	1.719	1.719	4.114e-06	2.393e-06
1.68	1.32	1.766	1.766	3.999e-06	2.264e-06
1.7	1.32	1.814	1.814	3.872e-06	2.135e-06
1.72	1.32	1.862	1.862	3.733e-06	2.005e-06
1.74	1.32	1.91	1.91	3.58e-06	1.875e-06
1.76	1.32	1.958	1.958	3.414e-06	1.743e-06
1.78	1.32	2.007	2.007	3.233e-06	1.611e-06
1.8	1.32	2.056	2.056	3.036e-06	1.477e-06
1.82	1.32	2.106	2.106	2.823e-06	1.341e-06
1.84	1.32	2.155	2.155	2.593e-06	1.203e-06
1.86	1.32	2.205	2.205	2.345e-06	1.063e-06
1.88	1.32	2.256	2.256	2.077e-06	9.208e-07
1.9	1.32	2.306	2.306	1.789e-06	7.757e-07
1.92	1.32	2.357	2.357	1.479e-06	6.276e-07
1.94	1.32	2.408	2.408	1.147e-06	4.762e-07
1.96	1.32	2.459	2.459	7.9e-07	3.212e-07
1.98	1.32	2.511	2.511	4.082e-07	1.626e-07
1.02	1.34	0.4271	0.4271	5.229e-07	1.224e-06
1.04	1.34	0.4625	0.4625	1.002e-06	2.166e-06
1.06	1.34	0.4985	0.4985	1.44e-06	2.889e-06
1.08	1.34	0.5349	0.5349	1.84e-06	3.439e-06
1.1	1.34	0.5719	0.5719	2.204e-06	3.854e-06
1.12	1.34	0.6093	0.6093	2.535e-06	4.16e-06
1.14	1.34	0.6472	0.6472	2.834e-06	4.379e-06
1.16	1.34	0.6856	0.6856	3.105e-06	4.529e-06
1.18	1.34	0.7245	0.7245	3.349e-06	4.622e-06
1.2	1.34	0.7638	0.7638	3.567e-06	4.671e-06
1.22	1.34	0.8035	0.8035	3.763e-06	4.683e-06
1.24	1.34	0.8437	0.8437	3.936e-06	4.665e-06
1.26	1.34	0.8844	0.8844	4.089e-06	4.624e-06
1.28	1.34	0.9254	0.9254	4.224e-06	4.564e-06
1.3	1.34	0.9669	0.9669	4.34e-06	4.489e-06
1.32	1.34	1.009	1.009	4.44e-06	4.401e-06
1.34	1.34	1.051	1.051	4.524e-06	4.304e-06
1.36	1.34	1.094	1.094	4.593e-06	4.199e-06
1.38	1.34	1.137	1.137	4.648e-06	4.088e-06
1.4	1.34	1.18	1.18	4.689e-06	3.973e-06
1.42	1.34	1.224	1.224	4.718e-06	3.854e-06
1.44	1.34	1.268	1.268	4.735e-06	3.733e-06
1.46	1.34	1.313	1.313	4.739e-06	3.61e-06
1.48	1.34	1.358	1.358	4.732e-06	3.485e-06
1.5	1.34	1.403	1.403	4.714e-06	3.36e-06
1.52	1.34	1.449	1.449	4.685e-06	3.234e-06
1.54	1.34	1.495	1.495	4.646e-06	3.107e-06
1.56	1.34	1.541	1.541	4.595e-06	2.981e-06
1.58	1.34	1.588	1.588	4.533e-06	2.855e-06
1.6	1.34	1.635	1.635	4.461e-06	2.728e-06
1.62	1.34	1.683	1.683	4.377e-06	2.602e-06
1.64	1.34	1.73	1.73	4.282e-06	2.475e-06
1.66	1.34	1.778	1.778	4.176e-06	2.348e-06
1.68	1.34	1.827	1.827	4.058e-06	2.221e-06
1.7	1.34	1.875	1.875	3.927e-06	2.094e-06
1.72	1.34	1.924	1.924	3.783e-06	1.966e-06
1.74	1.34	1.974	1.974	3.626e-06	1.837e-06
1.76	1.34	2.023	2.023	3.455e-06	1.708e-06
1.78	1.34	2.073	2.073	3.27e-06	1.577e-06
1.8	1.34	2.124	2.124	3.068e-06	1.445e-06
1.82	1.34	2.174	2.174	2.851e-06	1.311e-06
1.84	1.34	2.225	2.225	2.616e-06	1.176e-06
1.86	1.34	2.276	2.276	2.364e-06	1.038e-06
1.88	1.34	2.328	2.328	2.092e-06	8.987e-07
1.9	1.34	2.379	2.379	1.8e-06	7.565e-07
1.92	1.34	2.431	2.431	1.487e-06	6.115e-07
1.94	1.34	2.484	2.484	1.151e-06	4.635e-07
1.96	1.34	2.536	2.536	7.924e-07	3.124e-07
1.98	1.34	2.589	2.589	4.09e-07	1.58e-07
1.02	1.36	0.454	0.454	5.29e-07	1.165e-06
1.04	1.36	0.4904	0.4904	1.014e-06	2.068e-06
1.06	1.36	0.5273	0.5273	1.458e-06	2.765e-06
1.08	1.36	0.5647	0.5647	1.863e-06	3.3e-06
1.1	1.36	0.6026	0.6026	2.233e-06	3.706e-06
1.12	1.36	0.641	0.641	2.569e-06	4.008e-06
1.14	1.36	0.6799	0.6799	2.873e-06	4.227e-06
1.16	1.36	0.7192	0.7192	3.149e-06	4.378e-06
1.18	1.36	0.7591	0.7591	3.397e-06	4.475e-06
1.2	1.36	0.7994	0.7994	3.62e-06	4.528e-06
1.22	1.36	0.8401	0.8401	3.818e-06	4.545e-06
1.24	1.36	0.8813	0.8813	3.995e-06	4.533e-06
1.26	1.36	0.9229	0.9229	4.151e-06	4.498e-06
1.28	1.36	0.965	0.965	4.288e-06	4.443e-06
1.3	1.36	1.007	1.007	4.406e-06	4.373e-06
1.32	1.36	1.05	1.05	4.507e-06	4.291e-06
1.34	1.36	1.094	1.094	4.593e-06	4.199e-06
1.36	1.36	1.137	1.137	4.663e-06	4.099e-06
1.38	1.36	1.182	1.182	4.718e-06	3.993e-06
1.4	1.36	1.226	1.226	4.76e-06	3.882e-06
1.42	1.36	1.271	1.271	4.789e-06	3.768e-06
1.44	1.36	1.316	1.316	4.805e-06	3.65e-06
1.46	1.36	1.362	1.362	4.809e-06	3.531e-06
1.48	1.36	1.408	1.408	4.801e-06	3.41e-06
1.5	1.36	1.454	1.454	4.782e-06	3.288e-06
1.52	1.36	1.501	1.501	4.751e-06	3.165e-06
1.54	1.36	1.548	1.548	4.709e-06	3.042e-06
1.56	1.36	1.596	1.596	4.657e-06	2.918e-06
1.58	1.36	1.644	1.644	4.593e-06	2.794e-06
1.6	1.36	1.692	1.692	4.518e-06	2.67e-06
1.62	1.36	1.74	1.74	4.431e-06	2.546e-06
1.64	1.36	1.789	1.789	4.334e-06	2.422e-06
1.66	1.36	1.838	1.838	4.224e-06	2.298e-06
1.68	1.36	1.888	1.888	4.102e-06	2.173e-06
1.7	1.36	1.938	1.938	3.968e-06	2.048e-06
1.72	1.36	1.988	1.988	3.821e-06	1.922e-06
1.74	1.36	2.038	2.038	3.66e-06	1.796e-06
1.76	1.36	2.089	2.089	3.486e-06	1.668e-06
1.78	1.36	2.14	2.14	3.296e-06	1.54e-06
1.8	1.36	2.192	2.192	3.091e-06	1.41e-06
1.82	1.36	2.243	2.243	2.87e-06	1.279e-06
1.84	1.36	2.295	2.295	2.632e-06	1.147e-06
1.86	1.36	2.348	2.348	2.376e-06	1.012e-06
1.88	1.36	2.4	2.4	2.101e-06	8.752e-07
1.9	1.36	2.453	2.453	1.806e-06	7.361e-07
1.92	1.36	2.506	2.506	1.49e-06	5.946e-07
1.94	1.36	2.56	2.56	1.153e-06	4.504e-07
1.96	1.36	2.613	2.613	7.927e-07	3.033e-07
1.98	1.36	2.667	2.667	4.088e-07	1.532e-07
1.02	1.38	0.4812	0.4812	5.34e-07	1.11e-06
1.04	1.38	0.5185	0.5185	1.024e-06	1.975e-06
1.06	1.38	0.5564	0.5564	1.473e-06	2.647e-06
1.08	1.38	0.5947	0.5947	1.883e-06	3.166e-06
1.1	1.38	0.6336	0.6336	2.257e-06	3.562e-06
1.12	1.38	0.673	0.673	2.597e-06	3.859e-06
1.14	1.38	0.7128	0.7128	2.905e-06	4.076e-06
1.16	1.38	0.7532	0.7532	3.185e-06	4.228e-06
1.18	1.38	0.794	0.794	3.436e-06	4.327e-06
1.2	1.38	0.8353	0.8353	3.662e-06	4.384e-06
1.22	1.38	0.877	0.877	3.863e-06	4.405e-06
1.24	1.38	0.9193	0.9192	4.043e-06	4.398e-06
1.26	1.38	0.9619	0.9619	4.201e-06	4.367e-06
1.28	1.38	1.005	1.005	4.339e-06	4.318e-06
1.3	1.38	1.049	1.048	4.459e-06	4.253e-06
1.32	1.38	1.092	1.092	4.561e-06	4.175e-06
1.34	1.38	1.137	1.137	4.648e-06	4.088e-06
1.36	1.38	1.182	1.182	4.718e-06	3.993e-06
1.38	1.38	1.227	1.227	4.774e-06	3.892e-06
1.4	1.38	1.272	1.272	4.816e-06	3.785e-06
1.42	1.38	1.318	1.318	4.844e-06	3.675e-06
1.44	1.38	1.365	1.365	4.86e-06	3.561e-06
1.46	1.38	1.411	1.411	4.863e-06	3.445e-06
1.48	1.38	1.459	1.459	4.854e-06	3.328e-06
1.5	1.38	1.506	1.506	4.834e-06	3.21e-06
1.52	1.38	1.554	1.554	4.802e-06	3.09e-06
1.54	1.38	1.602	1.602	4.758e-06	2.97e-06
1.56	1.38	1.651	1.651	4.703e-06	2.849e-06
1.58	1.38	1.7	1.7	4.637e-06	2.728e-06
1.6	1.38	1.749	1.749	4.56e-06	2.607e-06
1.62	1.38	1.799	1.799	4.471e-06	2.486e-06
1.64	1.38	1.849	1.849	4.371e-06	2.364e-06
1.66	1.38	1.899	1.899	4.259e-06	2.243e-06
1.68	1.38	1.949	1.949	4.134e-06	2.121e-06
1.7	1.38	2	2	3.997e-06	1.998e-06
1.72	1.38	2.052	2.052	3.847e-06	1.875e-06
1.74	1.38	2.103	2.103	3.683e-06	1.751e-06
1.76	1.38	2.155	2.155	3.505e-06	1.626e-06
1.78	1.38	2.208	2.208	3.313e-06	1.501e-06
1.8	1.38	2.26	2.26	3.105e-06	1.374e-06
1.82	1.38	2.313	2.313	2.881e-06	1.245e-06
1.84	1.38	2.366	2.366	2.64e-06	1.116e-06
1.86	1.38	2.42	2.42	2.381e-06	9.841e-07
1.88	1.38	2.473	2.473	2.104e-06	8.506e-07
1.9	1.38	2.527	2.527	1.807e-06	7.15e-07
1.92	1.38	2.582	2.582	1.49e-06	5.772e-07
1.94	1.38	2.636	2.636	1.152e-06	4.369e-07
1.96	1.38	2.691	2.691	7.913e-07	2.94e-07
1.98	1.38	2.747	2.747	4.077e-07	1.484e-07
1.02	1.4	0.5088	0.5088	5.381e-07	1.058e-06
1.04	1.4	0.547	0.547	1.032e-06	1.887e-06
1.06	1.4	0.5858	0.5858	1.484e-06	2.534e-06
1.08	1.4	0.6251	0.6251	1.898e-06	3.037e-06
1.1	1.4	0.6649	0.6649	2.276e-06	3.422e-06
1.12	1.4	0.7053	0.7053	2.619e-06	3.713e-06
1.14	1.4	0.7461	0.7461	2.931e-06	3.928e-06
1.16	1.4	0.7875	0.7875	3.212e-06	4.079e-06
1.18	1.4	0.8293	0.8293	3.466e-06	4.18e-06
1.2	1.4	0.8716	0.8716	3.695e-06	4.239e-06
1.22	1.4	0.9143	0.9143	3.898e-06	4.263e-06
1.24	1.4	0.9576	0.9575	4.079e-06	4.26e-06
1.26	1.4	1.001	1.001	4.239e-06	4.234e-06
1.28	1.4	1.045	1.045	4.379e-06	4.189e-06
1.3	1.4	1.09	1.09	4.499e-06	4.128e-06
1.32	1.4	1.135	1.135	4.603e-06	4.056e-06
1.34	1.4	1.18	1.18	4.689e-06	3.973e-06
1.36	1.4	1.226	1.226	4.76e-06	3.882e-06
1.38	1.4	1.272	1.272	4.816e-06	3.785e-06
1.4	1.4	1.319	1.319	4.857e-06	3.683e-06
1.42	1.4	1.366	1.366	4.885e-06	3.576e-06
1.44	1.4	1.413	1.413	4.9e-06	3.467e-06
1.46	1.4	1.461	1.461	4.903e-06	3.355e-06
1.48	1.4	1.509	1.509	4.893e-06	3.241e-06
1.5	1.4	1.558	1.558	4.871e-06	3.126e-06
1.52	1.4	1.607	1.607	4.837e-06	3.01e-06
1.54	1.4	1.656	1.656	4.792e-06	2.893e-06
1.56	1.4	1.706	1.706	4.736e-06	2.776e-06
1.58	1.4	1.756	1.756	4.668e-06	2.658e-06
1.6	1.4	1.807	1.807	4.589e-06	2.54e-06
1.62	1.4	1.857	1.857	4.498e-06	2.422e-06
1.64	1.4	1.908	1.908	4.395e-06	2.303e-06
1.66	1.4	1.96	1.96	4.28e-06	2.184e-06
1.68	1.4	2.012	2.012	4.153e-06	2.065e-06
1.7	1.4	2.064	2.064	4.014e-06	1.945e-06
1.72	1.4	2.116	2.116	3.861e-06	1.825e-06
1.74	1.4	2.169	2.169	3.695e-06	1.704e-06
1.76	1.4	2.222	2.222	3.515e-06	1.582e-06
1.78	1.4	2.275	2.275	3.32e-06	1.459e-06
1.8	1.4	2.329	2.329	3.11e-06	1.335e-06
1.82	1.4	2.383	2.383	2.884e-06	1.21e-06
1.84	1.4	2.438	2.438	2.641e-06	1.083e-06
1.86	1.4	2.492	2.492	2.38e-06	9.552e-07
1.88	1.4	2.547	2.547	2.102e-06	8.252e-07
1.9	1.4	2.602	2.602	1.804e-06	6.933e-07
1.92	1.4	2.658	2.658	1.487e-06	5.593e-07
1.94	1.4	2.714	2.714	1.148e-06	4.231e-07
1.96	1.4	2.77	2.77	7.883e-07	2.846e-07
1.98	1.4	2.826	2.826	4.058e-07	1.436e-07
1.02	1.42	0.5366	0.5366	5.412e-07	1.009e-06
1.04	1.42	0.5758	0.5758	1.038e-06	1.803e-06
1.06	1.42	0.6155	0.6155	1.493e-06	2.426e-06
1.08	1.42	0.6558	0.6558	1.91e-06	2.912e-06
1.1	1.42	0.6966	0.6966	2.29e-06	3.287e-06
1.12	1.42	0.7379	0.7379	2.635e-06	3.571e-06
1.14	1.42	0.7798	0.7798	2.949e-06	3.782e-06
1.16	1.42	0.8221	0.8221	3.233e-06	3.933e-06
1.18	1.42	0.8649	0.8649	3.489e-06	4.034e-06
1.2	1.42	0.9082	0.9082	3.718e-06	4.094e-06
1.22	1.42	0.952	0.952	3.923e-06	4.121e-06
1.24	1.42	0.9962	0.9962	4.105e-06	4.121e-06
1.26	1.42	1.041	1.041	4.266e-06	4.098e-06
1.28	1.42	1.086	1.086	4.406e-06	4.057e-06
1.3	1.42	1.132	1.132	4.528e-06	4.001e-06
1.32	1.42	1.178	1.178	4.631e-06	3.933e-06
1.34	1.42	1.224	1.224	4.718e-06	3.854e-06
1.36	1.42	1.271	1.271	4.789e-06	3.768e-06
1.38	1.42	1.318	1.318	4.844e-06	3.675e-06
1.4	1.42	1.366	1.366	4.885e-06	3.576e-06
1.42	1.42	1.414	1.414	4.913e-06	3.474e-06
1.44	1.42	1.463	1.463	4.927e-06	3.368e-06
1.46	1.42	1.512	1.512	4.928e-06	3.26e-06
1.48	1.42	1.561	1.561	4.917e-06	3.15e-06
1.5	1.42	1.611	1.611	4.894e-06	3.039e-06
1.52	1.42	1.661	1.661	4.859e-06	2.926e-06
1.54	1.42	1.711	1.711	4.813e-06	2.813e-06
1.56	1.42	1.762	1.762	4.755e-06	2.699e-06
1.58	1.42	1.813	1.813	4.685e-06	2.584e-06
1.6	1.42	1.865	1.865	4.604e-06	2.469e-06
1.62	1.42	1.916	1.916	4.511e-06	2.354e-06
1.64	1.42	1.969	1.969	4.407e-06	2.239e-06
1.66	1.42	2.021	2.021	4.29e-06	2.123e-06
1.68	1.42	2.074	2.074	4.161e-06	2.006e-06
1.7	1.42	2.127	2.127	4.02e-06	1.89e-06
1.72	1.42	2.181	2.181	3.865e-06	1.772e-06
1.74	1.42	2.235	2.235	3.697e-06	1.654e-06
1.76	1.42	2.289	2.289	3.515e-06	1.536e-06
1.78	1.42	2.344	2.344	3.319e-06	1.416e-06
1.8	1.42	2.399	2.399	3.107e-06	1.295e-06
1.82	1.42	2.454	2.454	2.879e-06	1.173e-06
1.84	1.42	2.509	2.509	2.635e-06	1.05e-06
1.86	1.42	2.565	2.565	2.374e-06	9.255e-07
1.88	1.42	2.621	2.621	2.095e-06	7.992e-07
1.9	1.42	2.678	2.678	1.797e-06	6.712e-07
1.92	1.42	2.735	2.735	1.48e-06	5.412e-07
1.94	1.42	2.792	2.792	1.142e-06	4.092e-07
1.96	1.42	2.849	2.849	7.837e-07	2.751e-07
1.98	1.42	2.907	2.907	4.032e-07	1.387e-07
1.02	1.44	0.5647	0.5647	5.434e-07	9.623e-07
1.04	1.44	0.6048	0.6048	1.042e-06	1.723e-06
1.06	1.44	0.6455	0.6455	1.5e-06	2.323e-06
1.08	1.44	0.6868	0.6868	1.918e-06	2.792e-06
1.1	1.44	0.7286	0.7286	2.299e-06	3.156e-06
1.12	1.44	0.7709	0.7709	2.646e-06	3.433e-06
1.14	1.44	0.8137	0.8137	2.961e-06	3.639e-06
1.16	1.44	0.857	0.857	3.246e-06	3.788e-06
1.18	1.44	0.9008	0.9008	3.503e-06	3.889e-06
1.2	1.44	0.9452	0.9452	3.734e-06	3.95e-06
1.22	1.44	0.99	0.9899	3.939e-06	3.979e-06
1.24	1.44	1.035	1.035	4.122e-06	3.982e-06
1.26	1.44	1.081	1.081	4.283e-06	3.962e-06
1.28	1.44	1.127	1.127	4.423e-06	3.924e-06
1.3	1.44	1.174	1.174	4.545e-06	3.872e-06
1.32	1.44	1.221	1.221	4.648e-06	3.807e-06
1.34	1.44	1.268	1.268	4.735e-06	3.733e-06
1.36	1.44	1.316	1.316	4.805e-06	3.65e-06
1.38	1.44	1.365	1.365	4.86e-06	3.561e-06
1.4	1.44	1.413	1.413	4.9e-06	3.467e-06
1.42	1.44	1.463	1.463	4.927e-06	3.368e-06
1.44	1.44	1.512	1.512	4.94e-06	3.267e-06
1.46	1.44	1.562	1.562	4.94e-06	3.162e-06
1.48	1.44	1.613	1.613	4.928e-06	3.056e-06
1.5	1.44	1.663	1.663	4.904e-06	2.948e-06
1.52	1.44	1.715	1.715	4.868e-06	2.839e-06
1.54	1.44	1.766	1.766	4.82e-06	2.729e-06
1.56	1.44	1.818	1.818	4.761e-06	2.619e-06
1.58	1.44	1.87	1.87	4.69e-06	2.507e-06
1.6	1.44	1.923	1.923	4.607e-06	2.396e-06
1.62	1.44	1.976	1.976	4.513e-06	2.284e-06
1.64	1.44	2.029	2.029	4.407e-06	2.171e-06
1.66	1.44	2.083	2.083	4.289e-06	2.059e-06
1.68	1.44	2.137	2.137	4.158e-06	1.946e-06
1.7	1.44	2.192	2.192	4.015e-06	1.832e-06
1.72	1.44	2.246	2.246	3.859e-06	1.718e-06
1.74	1.44	2.301	2.301	3.69e-06	1.603e-06
1.76	1.44	2.357	2.357	3.507e-06	1.488e-06
1.78	1.44	2.413	2.413	3.309e-06	1.372e-06
1.8	1.44	2.469	2.469	3.097e-06	1.254e-06
1.82	1.44	2.525	2.525	2.868e-06	1.136e-06
1.84	1.44	2.582	2.582	2.624e-06	1.016e-06
1.86	1.44	2.639	2.639	2.363e-06	8.954e-07
1.88	1.44	2.696	2.696	2.084e-06	7.729e-07
1.9	1.44	2.754	2.754	1.787e-06	6.488e-07
1.92	1.44	2.812	2.812	1.47e-06	5.229e-07
1.94	1.44	2.87	2.87	1.134e-06	3.952e-07
1.96	1.44	2.928	2.928	7.777e-07	2.656e-07
1.98	1.44	2.987	2.987	3.998e-07	1.338e-07
1.02	1.46	0.5931	0.5931	5.447e-07	9.185e-07
1.04	1.46	0.6342	0.6342	1.045e-06	1.648e-06
1.06	1.46	0.6758	0.6758	1.503e-06	2.224e-06
1.08	1.46	0.7181	0.7181	1.922e-06	2.677e-06
1.1	1.46	0.7608	0.7608	2.304e-06	3.029e-06
1.12	1.46	0.8041	0.8041	2.652e-06	3.298e-06
1.14	1.46	0.848	0.848	2.968e-06	3.5e-06
1.16	1.46	0.8923	0.8923	3.253e-06	3.646e-06
1.18	1.46	0.9371	0.9371	3.51e-06	3.746e-06
1.2	1.46	0.9825	0.9824	3.741e-06	3.807e-06
1.22	1.46	1.028	1.028	3.946e-06	3.838e-06
1.24	1.46	1.075	1.075	4.129e-06	3.842e-06
1.26	1.46	1.121	1.121	4.289e-06	3.825e-06
1.28	1.46	1.169	1.169	4.43e-06	3.791e-06
1.3	1.46	1.216	1.216	4.551e-06	3.742e-06
1.32	1.46	1.264	1.264	4.653e-06	3.68e-06
1.34	1.46	1.313	1.313	4.739e-06	3.61e-06
1.36	1.46	1.362	1.362	4.809e-06	3.531e-06
1.38	1.46	1.411	1.411	4.863e-06	3.445e-06
1.4	1.46	1.461	1.461	4.903e-06	3.355e-06
1.42	1.46	1.512	1.512	4.928e-06	3.26e-06
1.44	1.46	1.562	1.562	4.94e-06	3.162e-06
1.46	1.46	1.613	1.613	4.94e-06	3.062e-06
1.48	1.46	1.665	1.665	4.927e-06	2.959e-06
1.5	1.46	1.717	1.717	4.901e-06	2.855e-06
1.52	1.46	1.769	1.769	4.864e-06	2.749e-06
1.54	1.46	1.822	1.822	4.815e-06	2.643e-06
1.56	1.46	1.875	1.875	4.754e-06	2.536e-06
1.58	1.46	1.928	1.928	4.682e-06	2.428e-06
1.6	1.46	1.982	1.982	4.598e-06	2.32e-06
1.62	1.46	2.036	2.036	4.503e-06	2.211e-06
1.64	1.46	2.091	2.091	4.395e-06	2.102e-06
1.66	1.46	2.146	2.146	4.276e-06	1.993e-06
1.68	1.46	2.201	2.201	4.145e-06	1.883e-06
1.7	1.46	2.256	2.256	4.001e-06	1.773e-06
1.72	1.46	2.312	2.312	3.844e-06	1.663e-06
1.74	1.46	2.368	2.368	3.674e-06	1.551e-06
1.76	1.46	2.425	2.425	3.49e-06	1.439e-06
1.78	1.46	2.482	2.482	3.292e-06	1.326e-06
1.8	1.46	2.539	2.539	3.079e-06	1.213e-06
1.82	1.46	2.597	2.597	2.851e-06	1.098e-06
1.84	1.46	2.655	2.655	2.607e-06	9.82e-07
1.86	1.46	2.713	2.713	2.346e-06	8.648e-07
1.88	1.46	2.771	2.771	2.068e-06	7.463e-07
1.9	1.46	2.83	2.83	1.772e-06	6.262e-07
1.92	1.46	2.889	2.889	1.458e-06	5.046e-07
1.94	1.46	2.949	2.949	1.124e-06	3.812e-07
1.96	1.46	3.009	3.009	7.703e-07	2.56e-07
1.98	1.46	3.069	3.069	3.959e-07	1.29e-07
1.02	1.48	0.6217	0.6217	5.452e-07	8.769e-07
1.04	1.48	0.6638	0.6638	1.046e-06	1.575e-06
1.06	1.48	0.7064	0.7064	1.504e-06	2.129e-06
1.08	1.48	0.7497	0.7497	1.923e-06	2.565e-06
1.1	1.48	0.7934	0.7934	2.305e-06	2.906e-06
1.12	1.48	0.8377	0.8377	2.653e-06	3.167e-06
1.14	1.48	0.8825	0.8825	2.968e-06	3.363e-06
1.16	1.48	0.9279	0.9279	3.253e-06	3.506e-06
1.18	1.48	0.9737	0.9737	3.51e-06	3.604e-06
1.2	1.48	1.02	1.02	3.74e-06	3.666e-06
1.22	1.48	1.067	1.067	3.945e-06	3.697e-06
1.24	1.48	1.114	1.114	4.126e-06	3.703e-06
1.26	1.48	1.162	1.162	4.286e-06	3.689e-06
1.28	1.48	1.21	1.21	4.426e-06	3.657e-06
1.3	1.48	1.259	1.259	4.546e-06	3.61e-06
1.32	1.48	1.308	1.308	4.648e-06	3.553e-06
1.34	1.48	1.358	1.358	4.732e-06	3.485e-06
1.36	1.48	1.408	1.408	4.801e-06	3.41e-06
1.38	1.48	1.459	1.459	4.854e-06	3.328e-06
1.4	1.48	1.509	1.509	4.893e-06	3.241e-06
1.42	1.48	1.561	1.561	4.917e-06	3.15e-06
1.44	1.48	1.613	1.613	4.928e-06	3.056e-06
1.46	1.48	1.665	1.665	4.927e-06	2.959e-06
1.48	1.48	1.717	1.717	4.912e-06	2.86e-06
1.5	1.48	1.77	1.77	4.886e-06	2.76e-06
1.52	1.48	1.824	1.824	4.847e-06	2.658e-06
1.54	1.48	1.878	1.878	4.797e-06	2.555e-06
1.56	1.48	1.932	1.932	4.736e-06	2.451e-06
1.58	1.48	1.986	1.986	4.662e-06	2.347e-06
1.6	1.48	2.041	2.041	4.578e-06	2.242e-06
1.62	1.48	2.097	2.097	4.481e-06	2.137e-06
1.64	1.48	2.152	2.152	4.373e-06	2.032e-06
1.66	1.48	2.208	2.208	4.253e-06	1.926e-06
1.68	1.48	2.265	2.265	4.121e-06	1.82e-06
1.7	1.48	2.321	2.321	3.977e-06	1.713e-06
1.72	1.48	2.379	2.379	3.82e-06	1.606e-06
1.74	1.48	2.436	2.436	3.649e-06	1.498e-06
1.76	1.48	2.494	2.494	3.465e-06	1.39e-06
1.78	1.48	2.552	2.552	3.267e-06	1.28e-06
1.8	1.48	2.61	2.61	3.055e-06	1.17e-06
1.82	1.48	2.669	2.669	2.828e-06	1.059e-06
1.84	1.48	2.728	2.728	2.584e-06	9.473e-07
1.86	1.48	2.788	2.788	2.325e-06	8.341e-07
1.88	1.48	2.847	2.847	2.049e-06	7.195e-07
1.9	1.48	2.907	2.907	1.755e-06	6.036e-07
1.92	1.48	2.968	2.968	1.443e-06	4.862e-07
1.94	1.48	3.028	3.028	1.112e-06	3.672e-07
1.96	1.48	3.089	3.089	7.617e-07	2.466e-07
1.98	1.48	3.151	3.151	3.913e-07	1.242e-07
1.02	1.5	0.6507	0.6507	5.449e-07	8.374e-07
1.04	1.5	0.6937	0.6937	1.045e-06	1.506e-06
1.06	1.5	0.7373	0.7373	1.503e-06	2.038e-06
1.08	1.5	0.7815	0.7815	1.921e-06	2.458e-06
1.1	1.5	0.8263	0.8263	2.302e-06	2.786e-06
1.12	1.5	0.8716	0.8716	2.649e-06	3.039e-06
1.14	1.5	0.9174	0.9174	2.963e-06	3.23e-06
1.16	1.5	0.9638	0.9638	3.247e-06	3.369e-06
1.18	1.5	1.011	1.011	3.502e-06	3.465e-06
1.2	1.5	1.058	1.058	3.731e-06	3.526e-06
1.22	1.5	1.106	1.106	3.935e-06	3.558e-06
1.24	1.5	1.154	1.154	4.115e-06	3.565e-06
1.26	1.5	1.203	1.203	4.274e-06	3.552e-06
1.28	1.5	1.252	1.252	4.412e-06	3.522e-06
1.3	1.5	1.302	1.302	4.53e-06	3.479e-06
1.32	1.5	1.353	1.353	4.631e-06	3.424e-06
1.34	1.5	1.403	1.403	4.714e-06	3.36e-06
1.36	1.5	1.454	1.454	4.782e-06	3.288e-06
1.38	1.5	1.506	1.506	4.834e-06	3.21e-06
1.4	1.5	1.558	1.558	4.871e-06	3.126e-06
1.42	1.5	1.611	1.611	4.894e-06	3.039e-06
1.44	1.5	1.663	1.663	4.904e-06	2.948e-06
1.46	1.5	1.717	1.717	4.901e-06	2.855e-06
1.48	1.5	1.77	1.77	4.886e-06	2.76e-06
1.5	1.5	1.825	1.825	4.858e-06	2.663e-06
1.52	1.5	1.879	1.879	4.819e-06	2.564e-06
1.54	1.5	1.934	1.934	4.768e-06	2.465e-06
1.56	1.5	1.989	1.989	4.705e-06	2.365e-06
1.58	1.5	2.045	2.045	4.631e-06	2.265e-06
1.6	1.5	2.101	2.101	4.546e-06	2.164e-06
1.62	1.5	2.158	2.158	4.449e-06	2.062e-06
1.64	1.5	2.214	2.214	4.34e-06	1.96e-06
1.66	1.5	2.272	2.272	4.22e-06	1.858e-06
1.68	1.5	2.329	2.329	4.088e-06	1.755e-06
1.7	1.5	2.387	2.387	3.943e-06	1.652e-06
1.72	1.5	2.445	2.445	3.786e-06	1.548e-06
1.74	1.5	2.504	2.504	3.616e-06	1.444e-06
1.76	1.5	2.563	2.563	3.433e-06	1.339e-06
1.78	1.5	2.622	2.622	3.236e-06	1.234e-06
1.8	1.5	2.682	2.682	3.024e-06	1.128e-06
1.82	1.5	2.742	2.742	2.798e-06	1.021e-06
1.84	1.5	2.802	2.802	2.557e-06	9.124e-07
1.86	1.5	2.863	2.863	2.299e-06	8.032e-07
1.88	1.5	2.924	2.924	2.025e-06	6.927e-07
1.9	1.5	2.985	2.985	1.734e-06	5.81e-07
1.92	1.5	3.046	3.046	1.425e-06	4.679e-07
1.94	1.5	3.108	3.108	1.098e-06	3.533e-07
1.96	1.5	3.171	3.171	7.519e-07	2.371e-07
1.98	1.5	3.233	3.233	3.861e-07	1.194e-07
1.02	1.52	0.6799	0.6799	5.437e-07	7.998e-07
1.04	1.52	0.7239	0.7239	1.042e-06	1.44e-06
1.06	1.52	0.7685	0.7685	1.499e-06	1.95e-06
1.08	1.52	0.8137	0.8137	1.915e-06	2.354e-06
1.1	1.52	0.8594	0.8594	2.295e-06	2.67e-06
1.12	1.52	0.9057	0.9057	2.64e-06	2.914e-06
1.14	1.52	0.9526	0.9526	2.952e-06	3.099e-06
1.16	1.52	1	1	3.234e-06	3.234e-06
1.18	1.52	1.048	1.048	3.487e-06	3.328e-06
1.2	1.52	1.096	1.096	3.714e-06	3.388e-06
1.22	1.52	1.145	1.145	3.916e-06	3.42e-06
1.24	1.52	1.195	1.195	4.095e-06	3.428e-06
1.26	1.52	1.245	1.245	4.251e-06	3.416e-06
1.28	1.52	1.295	1.295	4.388e-06	3.388e-06
1.3	1.52	1.346	1.346	4.505e-06	3.347e-06
1.32	1.52	1.397	1.397	4.604e-06	3.295e-06
1.34	1.52	1.449	1.449	4.685e-06	3.234e-06
1.36	1.52	1.501	1.501	4.751e-06	3.165e-06
1.38	1.52	1.554	1.554	4.802e-06	3.09e-06
1.4	1.52	1.607	1.607	4.837e-06	3.01e-06
1.42	1.52	1.661	1.661	4.859e-06	2.926e-06
1.44	1.52	1.715	1.715	4.868e-06	2.839e-06
1.46	1.52	1.769	1.769	4.864e-06	2.749e-06
1.48	1.52	1.824	1.824	4.847e-06	2.658e-06
1.5	1.52	1.879	1.879	4.819e-06	2.564e-06
1.52	1.52	1.935	1.935	4.779e-06	2.47e-06
1.54	1.52	1.991	1.991	4.727e-06	2.374e-06
1.56	1.52	2.047	2.047	4.664e-06	2.278e-06
1.58	1.52	2.104	2.104	4.589e-06	2.181e-06
1.6	1.52	2.161	2.161	4.503e-06	2.083e-06
1.62	1.52	2.219	2.219	4.406e-06	1.986e-06
1.64	1.52	2.277	2.277	4.297e-06	1.887e-06
1.66	1.52	2.335	2.335	4.177e-06	1.789e-06
1.68	1.52	2.394	2.394	4.045e-06	1.69e-06
1.7	1.52	2.453	2.453	3.901e-06	1.59e-06
1.72	1.52	2.513	2.513	3.744e-06	1.49e-06
1.74	1.52	2.572	2.572	3.575e-06	1.39e-06
1.76	1.52	2.632	2.632	3.393e-06	1.289e-06
1.78	1.52	2.693	2.693	3.197e-06	1.187e-06
1.8	1.52	2.754	2.754	2.987e-06	1.085e-06
1.82	1.52	2.815	2.815	2.763e-06	9.816e-07
1.84	1.52	2.876	2.876	2.524e-06	8.774e-07
1.86	1.52	2.938	2.938	2.269e-06	7.722e-07
1.88	1.52	3	3	1.998e-06	6.659e-07
1.9	1.52	3.063	3.063	1.71e-06	5.584e-07
1.92	1.52	3.126	3.126	1.405e-06	4.496e-07
1.94	1.52	3.189	3.189	1.082e-06	3.394e-07
1.96	1.52	3.252	3.252	7.409e-07	2.278e-07
1.98	1.52	3.316	3.316	3.803e-07	1.147e-07
1.02	1.54	0.7094	0.7093	5.418e-07	7.638e-07
1.04	1.54	0.7544	0.7544	1.038e-06	1.376e-06
1.06	1.54	0.8	0.8	1.492e-06	1.865e-06
1.08	1.54	0.8461	0.8461	1.906e-06	2.253e-06
1.1	1.54	0.8929	0.8929	2.284e-06	2.557e-06
1.12	1.54	0.9402	0.9402	2.626e-06	2.793e-06
1.14	1.54	0.9881	0.9881	2.935e-06	2.971e-06
1.16	1.54	1.036	1.036	3.215e-06	3.102e-06
1.18	1.54	1.085	1.085	3.466e-06	3.193e-06
1.2	1.54	1.135	1.135	3.69e-06	3.251e-06
1.22	1.54	1.185	1.185	3.889e-06	3.283e-06
1.24	1.54	1.235	1.235	4.066e-06	3.291e-06
1.26	1.54	1.286	1.286	4.22e-06	3.281e-06
1.28	1.54	1.338	1.338	4.354e-06	3.255e-06
1.3	1.54	1.39	1.39	4.469e-06	3.216e-06
1.32	1.54	1.442	1.442	4.566e-06	3.166e-06
1.34	1.54	1.495	1.495	4.646e-06	3.107e-06
1.36	1.54	1.548	1.548	4.709e-06	3.042e-06
1.38	1.54	1.602	1.602	4.758e-06	2.97e-06
1.4	1.54	1.656	1.656	4.792e-06	2.893e-06
1.42	1.54	1.711	1.711	4.813e-06	2.813e-06
1.44	1.54	1.766	1.766	4.82e-06	2.729e-06
1.46	1.54	1.822	1.822	4.815e-06	2.643e-06
1.48	1.54	1.878	1.878	4.797e-06	2.555e-06
1.5	1.54	1.934	1.934	4.768e-06	2.465e-06
1.52	1.54	1.991	1.991	4.727e-06	2.374e-06
1.54	1.54	2.048	2.048	4.674e-06	2.282e-06
1.56	1.54	2.106	2.106	4.611e-06	2.19e-06
1.58	1.54	2.164	2.164	4.536e-06	2.096e-06
1.6	1.54	2.222	2.222	4.45e-06	2.003e-06
1.62	1.54	2.281	2.281	4.353e-06	1.908e-06
1.64	1.54	2.34	2.34	4.244e-06	1.814e-06
1.66	1.54	2.399	2.399	4.124e-06	1.719e-06
1.68	1.54	2.459	2.459	3.993e-06	1.624e-06
1.7	1.54	2.52	2.52	3.85e-06	1.528e-06
1.72	1.54	2.58	2.58	3.694e-06	1.432e-06
1.74	1.54	2.641	2.641	3.526e-06	1.335e-06
1.76	1.54	2.703	2.703	3.346e-06	1.238e-06
1.78	1.54	2.764	2.764	3.152e-06	1.14e-06
1.8	1.54	2.826	2.826	2.944e-06	1.042e-06
1.82	1.54	2.889	2.889	2.723e-06	9.425e-07
1.84	1.54	2.951	2.951	2.486e-06	8.424e-07
1.86	1.54	3.014	3.014	2.235e-06	7.413e-07
1.88	1.54	3.078	3.078	1.967e-06	6.392e-07
1.9	1.54	3.141	3.141	1.683e-06	5.359e-07
1.92	1.54	3.205	3.205	1.383e-06	4.314e-07
1.94	1.54	3.27	3.27	1.065e-06	3.256e-07
1.96	1.54	3.335	3.335	7.287e-07	2.185e-07
1.98	1.54	3.399	3.399	3.739e-07	1.1e-07
1.02	1.56	0.7391	0.7391	5.39e-07	7.293e-07
1.04	1.56	0.7851	0.7851	1.032e-06	1.315e-06
1.06	1.56	0.8317	0.8317	1.483e-06	1.784e-06
1.08	1.56	0.8789	0.8789	1.894e-06	2.155e-06
1.1	1.56	0.9266	0.9266	2.268e-06	2.448e-06
1.12	1.56	0.975	0.975	2.607e-06	2.674e-06
1.14	1.56	1.024	1.024	2.913e-06	2.845e-06
1.16	1.56	1.073	1.073	3.189e-06	2.972e-06
1.18	1.56	1.123	1.123	3.437e-06	3.06e-06
1.2	1.56	1.174	1.174	3.658e-06	3.117e-06
1.22	1.56	1.225	1.225	3.854e-06	3.147e-06
1.24	1.56	1.276	1.276	4.028e-06	3.156e-06
1.26	1.56	1.328	1.328	4.179e-06	3.146e-06
1.28	1.56	1.381	1.381	4.311e-06	3.122e-06
1.3	1.56	1.434	1.434	4.423e-06	3.084e-06
1.32	1.56	1.487	1.487	4.517e-06	3.037e-06
1.34	1.56	1.541	1.541	4.595e-06	2.981e-06
1.36	1.56	1.596	1.596	4.657e-06	2.918e-06
1.38	1.56	1.651	1.651	4.703e-06	2.849e-06
1.4	1.56	1.706	1.706	4.736e-06	2.776e-06
1.42	1.56	1.762	1.762	4.755e-06	2.699e-06
1.44	1.56	1.818	1.818	4.761e-06	2.619e-06
1.46	1.56	1.875	1.875	4.754e-06	2.536e-06
1.48	1.56	1.932	1.932	4.736e-06	2.451e-06
1.5	1.56	1.989	1.989	4.705e-06	2.365e-06
1.52	1.56	2.047	2.047	4.664e-06	2.278e-06
1.54	1.56	2.106	2.106	4.611e-06	2.19e-06
1.56	1.56	2.164	2.164	4.547e-06	2.101e-06
1.58	1.56	2.224	2.224	4.472e-06	2.011e-06
1.6	1.56	2.283	2.283	4.386e-06	1.921e-06
1.62	1.56	2.343	2.343	4.289e-06	1.831e-06
1.64	1.56	2.403	2.403	4.181e-06	1.74e-06
1.66	1.56	2.464	2.464	4.062e-06	1.649e-06
1.68	1.56	2.525	2.525	3.932e-06	1.557e-06
1.7	1.56	2.587	2.587	3.79e-06	1.465e-06
1.72	1.56	2.648	2.648	3.636e-06	1.373e-06
1.74	1.56	2.711	2.711	3.47e-06	1.28e-06
1.76	1.56	2.773	2.773	3.292e-06	1.187e-06
1.78	1.56	2.836	2.836	3.1e-06	1.093e-06
1.8	1.56	2.899	2.899	2.895e-06	9.986e-07
1.82	1.56	2.963	2.963	2.677e-06	9.034e-07
1.84	1.56	3.027	3.027	2.444e-06	8.074e-07
1.86	1.56	3.091	3.091	2.196e-06	7.104e-07
1.88	1.56	3.156	3.156	1.933e-06	6.125e-07
1.9	1.56	3.221	3.221	1.654e-06	5.135e-07
1.92	1.56	3.286	3.286	1.358e-06	4.133e-07
1.94	1.56	3.351	3.351	1.046e-06	3.12e-07
1.96	1.56	3.417	3.417	7.154e-07	2.093e-07
1.98	1.56	3.483	3.483	3.67e-07	1.054e-07
1.02	1.58	0.7691	0.7691	5.354e-07	6.961e-07
1.04	1.58	0.8161	0.8161	1.025e-06	1.256e-06
1.06	1.58	0.8637	0.8637	1.472e-06	1.704e-06
1.08	1.58	0.9119	0.9119	1.879e-06	2.06e-06
1.1	1.58	0.9607	0.9607	2.248e-06	2.341e-06
1.12	1.58	1.01	1.01	2.583e-06	2.558e-06
1.14	1.58	1.06	1.06	2.886e-06	2.722e-06
1.16	1.58	1.11	1.11	3.157e-06	2.844e-06
1.18	1.58	1.161	1.161	3.401e-06	2.928e-06
1.2	1.58	1.213	1.213	3.618e-06	2.983e-06
1.22	1.58	1.265	1.265	3.811e-06	3.013e-06
1.24	1.58	1.318	1.318	3.981e-06	3.021e-06
1.26	1.58	1.371	1.371	4.129e-06	3.012e-06
1.28	1.58	1.424	1.424	4.257e-06	2.989e-06
1.3	1.58	1.478	1.478	4.367e-06	2.953e-06
1.32	1.58	1.533	1.533	4.458e-06	2.908e-06
1.34	1.58	1.588	1.588	4.533e-06	2.855e-06
1.36	1.58	1.644	1.644	4.593e-06	2.794e-06
1.38	1.58	1.7	1.7	4.637e-06	2.728e-06
1.4	1.58	1.756	1.756	4.668e-06	2.658e-06
1.42	1.58	1.813	1.813	4.685e-06	2.584e-06
1.44	1.58	1.87	1.87	4.69e-06	2.507e-06
1.46	1.58	1.928	1.928	4.682e-06	2.428e-06
1.48	1.58	1.986	1.986	4.662e-06	2.347e-06
1.5	1.58	2.045	2.045	4.631e-06	2.265e-06
1.52	1.58	2.104	2.104	4.589e-06	2.181e-06
1.54	1.58	2.164	2.164	4.536e-06	2.096e-06
1.56	1.58	2.224	2.224	4.472e-06	2.011e-06
1.58	1.58	2.284	2.284	4.397e-06	1.925e-06
1.6	1.58	2.345	2.345	4.311e-06	1.839e-06
1.62	1.58	2.406	2.406	4.215e-06	1.752e-06
1.64	1.58	2.467	2.467	4.108e-06	1.665e-06
1.66	1.58	2.529	2.529	3.991e-06	1.578e-06
1.68	1.58	2.591	2.591	3.862e-06	1.49e-06
1.7	1.58	2.654	2.654	3.721e-06	1.402e-06
1.72	1.58	2.717	2.717	3.57e-06	1.314e-06
1.74	1.58	2.78	2.78	3.406e-06	1.225e-06
1.76	1.58	2.844	2.844	3.23e-06	1.136e-06
1.78	1.58	2.908	2.908	3.042e-06	1.046e-06
1.8	1.58	2.973	2.973	2.84e-06	9.555e-07
1.82	1.58	3.037	3.037	2.625e-06	8.643e-07
1.84	1.58	3.103	3.103	2.396e-06	7.724e-07
1.86	1.58	3.168	3.168	2.153e-06	6.796e-07
1.88	1.58	3.234	3.234	1.895e-06	5.859e-07
1.9	1.58	3.3	3.3	1.621e-06	4.912e-07
1.92	1.58	3.367	3.367	1.331e-06	3.954e-07
1.94	1.58	3.433	3.433	1.025e-06	2.984e-07
1.96	1.58	3.501	3.501	7.009e-07	2.002e-07
1.98	1.58	3.568	3.568	3.596e-07	1.008e-07
1.02	1.6	0.7994	0.7994	5.309e-07	6.642e-07
1.04	1.6	0.8474	0.8473	1.016e-06	1.199e-06
1.06	1.6	0.896	0.896	1.458e-06	1.627e-06
1.08	1.6	0.9452	0.9452	1.86e-06	1.968e-06
1.1	1.6	0.995	0.995	2.225e-06	2.236e-06
1.12	1.6	1.045	1.045	2.554e-06	2.444e-06
1.14	1.6	1.096	1.096	2.852e-06	2.601e-06
1.16	1.6	1.148	1.148	3.119e-06	2.717e-06
1.18	1.6	1.2	1.2	3.358e-06	2.799e-06
1.2	1.6	1.252	1.252	3.571e-06	2.851e-06
1.22	1.6	1.306	1.306	3.759e-06	2.879e-06
1.24	1.6	1.359	1.359	3.925e-06	2.888e-06
1.26	1.6	1.413	1.413	4.069e-06	2.879e-06
1.28	1.6	1.468	1.468	4.194e-06	2.857e-06
1.3	1.6	1.523	1.523	4.3e-06	2.823e-06
1.32	1.6	1.579	1.579	4.389e-06	2.779e-06
1.34	1.6	1.635	1.635	4.461e-06	2.728e-06
1.36	1.6	1.692	1.692	4.518e-06	2.67e-06
1.38	1.6	1.749	1.749	4.56e-06	2.607e-06
1.4	1.6	1.807	1.807	4.589e-06	2.54e-06
1.42	1.6	1.865	1.865	4.604e-06	2.469e-06
1.44	1.6	1.923	1.923	4.607e-06	2.396e-06
1.46	1.6	1.982	1.982	4.598e-06	2.32e-06
1.48	1.6	2.041	2.041	4.578e-06	2.242e-06
1.5	1.6	2.101	2.101	4.546e-06	2.164e-06
1.52	1.6	2.161	2.161	4.503e-06	2.083e-06
1.54	1.6	2.222	2.222	4.45e-06	2.003e-06
1.56	1.6	2.283	2.283	4.386e-06	1.921e-06
1.58	1.6	2.345	2.345	4.311e-06	1.839e-06
1.6	1.6	2.406	2.406	4.227e-06	1.756e-06
1.62	1.6	2.469	2.469	4.132e-06	1.674e-06
1.64	1.6	2.531	2.531	4.026e-06	1.59e-06
1.66	1.6	2.594	2.594	3.91e-06	1.507e-06
1.68	1.6	2.658	2.658	3.783e-06	1.423e-06
1.7	1.6	2.722	2.722	3.644e-06	1.339e-06
1.72	1.6	2.786	2.786	3.495e-06	1.255e-06
1.74	1.6	2.851	2.851	3.334e-06	1.17e-06
1.76	1.6	2.915	2.915	3.162e-06	1.084e-06
1.78	1.6	2.981	2.981	2.977e-06	9.987e-07
1.8	1.6	3.046	3.046	2.779e-06	9.123e-07
1.82	1.6	3.112	3.112	2.569e-06	8.252e-07
1.84	1.6	3.179	3.179	2.344e-06	7.375e-07
1.86	1.6	3.246	3.246	2.106e-06	6.489e-07
1.88	1.6	3.313	3.313	1.853e-06	5.594e-07
1.9	1.6	3.38	3.38	1.585e-06	4.69e-07
1.92	1.6	3.448	3.448	1.302e-06	3.775e-07
1.94	1.6	3.516	3.516	1.002e-06	2.85e-07
1.96	1.6	3.584	3.584	6.854e-07	1.912e-07
1.98	1.6	3.653	3.653	3.516e-07	9.625e-08
1.02	1.62	0.8299	0.8299	5.256e-07	6.333e-07
1.04	1.62	0.8789	0.8789	1.005e-06	1.143e-06
1.06	1.62	0.9285	0.9285	1.441e-06	1.552e-06
1.08	1.62	0.9787	0.9787	1.837e-06	1.877e-06
1.1	1.62	1.03	1.03	2.196e-06	2.133e-06
1.12	1.62	1.081	1.081	2.52e-06	2.332e-06
1.14	1.62	1.133	1.133	2.812e-06	2.482e-06
1.16	1.62	1.185	1.185	3.074e-06	2.593e-06
1.18	1.62	1.239	1.239	3.308e-06	2.67e-06
1.2	1.62	1.292	1.292	3.515e-06	2.72e-06
1.22	1.62	1.346	1.346	3.699e-06	2.747e-06
1.24	1.62	1.401	1.401	3.86e-06	2.755e-06
1.26	1.62	1.456	1.456	4e-06	2.746e-06
1.28	1.62	1.512	1.512	4.121e-06	2.725e-06
1.3	1.62	1.569	1.569	4.223e-06	2.692e-06
1.32	1.62	1.625	1.625	4.308e-06	2.651e-06
1.34	1.62	1.683	1.683	4.377e-06	2.602e-06
1.36	1.62	1.74	1.74	4.431e-06	2.546e-06
1.38	1.62	1.799	1.799	4.471e-06	2.486e-06
1.4	1.62	1.857	1.857	4.498e-06	2.422e-06
1.42	1.62	1.916	1.916	4.511e-06	2.354e-06
1.44	1.62	1.976	1.976	4.513e-06	2.284e-06
1.46	1.62	2.036	2.036	4.503e-06	2.211e-06
1.48	1.62	2.097	2.097	4.481e-06	2.137e-06
1.5	1.62	2.158	2.158	4.449e-06	2.062e-06
1.52	1.62	2.219	2.219	4.406e-06	1.986e-06
1.54	1.62	2.281	2.281	4.353e-06	1.908e-06
1.56	1.62	2.343	2.343	4.289e-06	1.831e-06
1.58	1.62	2.406	2.406	4.215e-06	1.752e-06
1.6	1.62	2.469	2.469	4.132e-06	1.674e-06
1.62	1.62	2.532	2.532	4.038e-06	1.595e-06
1.64	1.62	2.596	2.596	3.934e-06	1.515e-06
1.66	1.62	2.66	2.66	3.819e-06	1.436e-06
1.68	1.62	2.725	2.725	3.694e-06	1.356e-06
1.7	1.62	2.79	2.79	3.559e-06	1.276e-06
1.72	1.62	2.855	2.855	3.413e-06	1.195e-06
1.74	1.62	2.921	2.921	3.255e-06	1.114e-06
1.76	1.62	2.987	2.987	3.086e-06	1.033e-06
1.78	1.62	3.054	3.054	2.905e-06	9.514e-07
1.8	1.62	3.121	3.121	2.712e-06	8.691e-07
1.82	1.62	3.188	3.188	2.506e-06	7.862e-07
1.84	1.62	3.256	3.256	2.287e-06	7.026e-07
1.86	1.62	3.324	3.324	2.055e-06	6.183e-07
1.88	1.62	3.392	3.392	1.808e-06	5.33e-07
1.9	1.62	3.461	3.461	1.547e-06	4.469e-07
1.92	1.62	3.53	3.53	1.27e-06	3.598e-07
1.94	1.62	3.599	3.599	9.774e-07	2.716e-07
1.96	1.62	3.669	3.669	6.687e-07	1.823e-07
1.98	1.62	3.739	3.739	3.43e-07	9.176e-08
1.02	1.64	0.8607	0.8607	5.193e-07	6.033e-07
1.04	1.64	0.9106	0.9106	9.921e-07	1.089e-06
1.06	1.64	0.9613	0.9613	1.422e-06	1.479e-06
1.08	1.64	1.013	1.013	1.811e-06	1.789e-06
1.1	1.64	1.064	1.064	2.163e-06	2.033e-06
1.12	1.64	1.117	1.117	2.481e-06	2.221e-06
1.14	1.64	1.17	1.17	2.766e-06	2.365e-06
1.16	1.64	1.223	1.223	3.022e-06	2.47e-06
1.18	1.64	1.278	1.278	3.249e-06	2.543e-06
1.2	1.64	1.332	1.332	3.451e-06	2.59e-06
1.22	1.64	1.388	1.388	3.629e-06	2.616e-06
1.24	1.64	1.443	1.443	3.785e-06	2.622e-06
1.26	1.64	1.5	1.5	3.921e-06	2.614e-06
1.28	1.64	1.557	1.557	4.037e-06	2.593e-06
1.3	1.64	1.614	1.614	4.135e-06	2.562e-06
1.32	1.64	1.672	1.672	4.217e-06	2.522e-06
1.34	1.64	1.73	1.73	4.282e-06	2.475e-06
1.36	1.64	1.789	1.789	4.334e-06	2.422e-06
1.38	1.64	1.849	1.849	4.371e-06	2.364e-06
1.4	1.64	1.908	1.908	4.395e-06	2.303e-06
1.42	1.64	1.969	1.969	4.407e-06	2.239e-06
1.44	1.64	2.029	2.029	4.407e-06	2.171e-06
1.46	1.64	2.091	2.091	4.395e-06	2.102e-06
1.48	1.64	2.152	2.152	4.373e-06	2.032e-06
1.5	1.64	2.214	2.214	4.34e-06	1.96e-06
1.52	1.64	2.277	2.277	4.297e-06	1.887e-06
1.54	1.64	2.34	2.34	4.244e-06	1.814e-06
1.56	1.64	2.403	2.403	4.181e-06	1.74e-06
1.58	1.64	2.467	2.467	4.108e-06	1.665e-06
1.6	1.64	2.531	2.531	4.026e-06	1.59e-06
1.62	1.64	2.596	2.596	3.934e-06	1.515e-06
1.64	1.64	2.661	2.661	3.831e-06	1.44e-06
1.66	1.64	2.727	2.727	3.719e-06	1.364e-06
1.68	1.64	2.792	2.792	3.597e-06	1.288e-06
1.7	1.64	2.859	2.859	3.465e-06	1.212e-06
1.72	1.64	2.925	2.925	3.322e-06	1.136e-06
1.74	1.64	2.992	2.992	3.168e-06	1.059e-06
1.76	1.64	3.06	3.06	3.004e-06	9.817e-07
1.78	1.64	3.127	3.127	2.827e-06	9.041e-07
1.8	1.64	3.195	3.195	2.639e-06	8.26e-07
1.82	1.64	3.264	3.264	2.439e-06	7.472e-07
1.84	1.64	3.333	3.333	2.226e-06	6.678e-07
1.86	1.64	3.402	3.402	1.999e-06	5.877e-07
1.88	1.64	3.472	3.472	1.759e-06	5.068e-07
1.9	1.64	3.541	3.541	1.505e-06	4.249e-07
1.92	1.64	3.612	3.612	1.236e-06	3.421e-07
1.94	1.64	3.682	3.682	9.512e-07	2.583e-07
1.96	1.64	3.753	3.753	6.508e-07	1.734e-07
1.98	1.64	3.825	3.825	3.339e-07	8.73e-08
1.02	1.66	0.8917	0.8917	5.12e-07	5.742e-07
1.04	1.66	0.9427	0.9427	9.773e-07	1.037e-06
1.06	1.66	0.9943	0.9943	1.399e-06	1.407e-06
1.08	1.66	1.047	1.047	1.781e-06	1.702e-06
1.1	1.66	1.099	1.099	2.126e-06	1.933e-06
1.12	1.66	1.153	1.153	2.436e-06	2.113e-06
1.14	1.66	1.207	1.207	2.714e-06	2.248e-06
1.16	1.66	1.262	1.262	2.962e-06	2.348e-06
1.18	1.66	1.317	1.317	3.183e-06	2.417e-06
1.2	1.66	1.373	1.373	3.379e-06	2.461e-06
1.22	1.66	1.429	1.429	3.551e-06	2.485e-06
1.24	1.66	1.486	1.486	3.701e-06	2.491e-06
1.26	1.66	1.543	1.543	3.831e-06	2.482e-06
1.28	1.66	1.601	1.601	3.942e-06	2.462e-06
1.3	1.66	1.66	1.66	4.036e-06	2.432e-06
1.32	1.66	1.719	1.719	4.114e-06	2.393e-06
1.34	1.66	1.778	1.778	4.176e-06	2.348e-06
1.36	1.66	1.838	1.838	4.224e-06	2.298e-06
1.38	1.66	1.899	1.899	4.259e-06	2.243e-06
1.4	1.66	1.96	1.96	4.28e-06	2.184e-06
1.42	1.66	2.021	2.021	4.29e-06	2.123e-06
1.44	1.66	2.083	2.083	4.289e-06	2.059e-06
1.46	1.66	2.146	2.146	4.276e-06	1.993e-06
1.48	1.66	2.208	2.208	4.253e-06	1.926e-06
1.5	1.66	2.272	2.272	4.22e-06	1.858e-06
1.52	1.66	2.335	2.335	4.177e-06	1.789e-06
1.54	1.66	2.399	2.399	4.124e-06	1.719e-06
1.56	1.66	2.464	2.464	4.062e-06	1.649e-06
1.58	1.66	2.529	2.529	3.991e-06	1.578e-06
1.6	1.66	2.594	2.594	3.91e-06	1.507e-06
1.62	1.66	2.66	2.66	3.819e-06	1.436e-06
1.64	1.66	2.727	2.727	3.719e-06	1.364e-06
1.66	1.66	2.793	2.793	3.61e-06	1.292e-06
1.68	1.66	2.86	2.86	3.491e-06	1.221e-06
1.7	1.66	2.928	2.928	3.362e-06	1.148e-06
1.72	1.66	2.996	2.996	3.223e-06	1.076e-06
1.74	1.66	3.064	3.064	3.074e-06	1.003e-06
1.76	1.66	3.132	3.132	2.914e-06	9.303e-07
1.78	1.66	3.201	3.201	2.743e-06	8.568e-07
1.8	1.66	3.271	3.271	2.56e-06	7.828e-07
1.82	1.66	3.34	3.34	2.366e-06	7.083e-07
1.84	1.66	3.41	3.41	2.159e-06	6.331e-07
1.86	1.66	3.481	3.481	1.94e-06	5.572e-07
1.88	1.66	3.552	3.552	1.707e-06	4.806e-07
1.9	1.66	3.623	3.623	1.46e-06	4.03e-07
1.92	1.66	3.694	3.694	1.199e-06	3.246e-07
1.94	1.66	3.766	3.766	9.232e-07	2.451e-07
1.96	1.66	3.838	3.838	6.317e-07	1.646e-07
1.98	1.66	3.911	3.911	3.242e-07	8.289e-08
1.02	1.68	0.9229	0.9229	5.036e-07	5.457e-07
1.04	1.68	0.975	0.975	9.604e-07	9.851e-07
1.06	1.68	1.028	1.028	1.374e-06	1.337e-06
1.08	1.68	1.081	1.081	1.747e-06	1.616e-06
1.1	1.68	1.135	1.135	2.083e-06	1.835e-06
1.12	1.68	1.189	1.189	2.385e-06	2.005e-06
1.14	1.68	1.245	1.245	2.654e-06	2.133e-06
1.16	1.68	1.3	1.3	2.895e-06	2.226e-06
1.18	1.68	1.357	1.357	3.108e-06	2.291e-06
1.2	1.68	1.413	1.413	3.297e-06	2.333e-06
1.22	1.68	1.471	1.471	3.462e-06	2.354e-06
1.24	1.68	1.529	1.529	3.606e-06	2.359e-06
1.26	1.68	1.587	1.587	3.731e-06	2.35e-06
1.28	1.68	1.646	1.646	3.837e-06	2.33e-06
1.3	1.68	1.706	1.706	3.926e-06	2.301e-06
1.32	1.68	1.766	1.766	3.999e-06	2.264e-06
1.34	1.68	1.827	1.827	4.058e-06	2.221e-06
1.36	1.68	1.888	1.888	4.102e-06	2.173e-06
1.38	1.68	1.949	1.949	4.134e-06	2.121e-06
1.4	1.68	2.012	2.012	4.153e-06	2.065e-06
1.42	1.68	2.074	2.074	4.161e-06	2.006e-06
1.44	1.68	2.137	2.137	4.158e-06	1.946e-06
1.46	1.68	2.201	2.201	4.145e-06	1.883e-06
1.48	1.68	2.265	2.265	4.121e-06	1.82e-06
1.5	1.68	2.329	2.329	4.088e-06	1.755e-06
1.52	1.68	2.394	2.394	4.045e-06	1.69e-06
1.54	1.68	2.459	2.459	3.993e-06	1.624e-06
1.56	1.68	2.525	2.525	3.932e-06	1.557e-06
1.58	1.68	2.591	2.591	3.862e-06	1.49e-06
1.6	1.68	2.658	2.658	3.783e-06	1.423e-06
1.62	1.68	2.725	2.725	3.694e-06	1.356e-06
1.64	1.68	2.792	2.792	3.597e-06	1.288e-06
1.66	1.68	2.86	2.86	3.491e-06	1.221e-06
1.68	1.68	2.928	2.928	3.376e-06	1.153e-06
1.7	1.68	2.997	2.997	3.251e-06	1.085e-06
1.72	1.68	3.066	3.066	3.116e-06	1.016e-06
1.74	1.68	3.136	3.136	2.972e-06	9.477e-07
1.76	1.68	3.205	3.205	2.817e-06	8.788e-07
1.78	1.68	3.276	3.276	2.652e-06	8.094e-07
1.8	1.68	3.346	3.346	2.475e-06	7.397e-07
1.82	1.68	3.417	3.417	2.287e-06	6.693e-07
1.84	1.68	3.489	3.489	2.088e-06	5.984e-07
1.86	1.68	3.56	3.56	1.876e-06	5.268e-07
1.88	1.68	3.632	3.632	1.651e-06	4.544e-07
1.9	1.68	3.705	3.705	1.412e-06	3.812e-07
1.92	1.68	3.778	3.778	1.16e-06	3.071e-07
1.94	1.68	3.851	3.851	8.932e-07	2.32e-07
1.96	1.68	3.924	3.924	6.114e-07	1.558e-07
1.98	1.68	3.998	3.998	3.138e-07	7.85e-08
1.02	1.7	0.9544	0.9544	4.941e-07	5.177e-07
1.04	1.7	1.007	1.007	9.412e-07	9.342e-07
1.06	1.7	1.061	1.061	1.345e-06	1.267e-06
1.08	1.7	1.116	1.116	1.708e-06	1.531e-06
1.1	1.7	1.171	1.171	2.035e-06	1.738e-06
1.12	1.7	1.226	1.226	2.327e-06	1.898e-06
1.14	1.7	1.282	1.282	2.588e-06	2.018e-06
1.16	1.7	1.339	1.339	2.82e-06	2.106e-06
1.18	1.7	1.396	1.396	3.025e-06	2.166e-06
1.2	1.7	1.454	1.454	3.206e-06	2.204e-06
1.22	1.7	1.513	1.513	3.364e-06	2.223e-06
1.24	1.7	1.572	1.572	3.501e-06	2.227e-06
1.26	1.7	1.632	1.632	3.619e-06	2.218e-06
1.28	1.7	1.692	1.692	3.72e-06	2.199e-06
1.3	1.7	1.753	1.753	3.804e-06	2.17e-06
1.32	1.7	1.814	1.814	3.872e-06	2.135e-06
1.34	1.7	1.875	1.875	3.927e-06	2.094e-06
1.36	1.7	1.938	1.938	3.968e-06	2.048e-06
1.38	1.7	2	2	3.997e-06	1.998e-06
1.4	1.7	2.064	2.064	4.014e-06	1.945e-06
1.42	1.7	2.127	2.127	4.02e-06	1.89e-06
1.44	1.7	2.192	2.192	4.015e-06	1.832e-06
1.46	1.7	2.256	2.256	4.001e-06	1.773e-06
1.48	1.7	2.321	2.321	3.977e-06	1.713e-06
1.5	1.7	2.387	2.387	3.943e-06	1.652e-06
1.52	1.7	2.453	2.453	3.901e-06	1.59e-06
1.54	1.7	2.52	2.52	3.85e-06	1.528e-06
1.56	1.7	2.587	2.587	3.79e-06	1.465e-06
1.58	1.7	2.654	2.654	3.721e-06	1.402e-06
1.6	1.7	2.722	2.722	3.644e-06	1.339e-06
1.62	1.7	2.79	2.79	3.559e-06	1.276e-06
1.64	1.7	2.859	2.859	3.465e-06	1.212e-06
1.66	1.7	2.928	2.928	3.362e-06	1.148e-06
1.68	1.7	2.997	2.997	3.251e-06	1.085e-06
1.7	1.7	3.067	3.067	3.13e-06	1.021e-06
1.72	1.7	3.137	3.137	3.001e-06	9.564e-07
1.74	1.7	3.208	3.208	2.861e-06	8.92e-07
1.76	1.7	3.279	3.279	2.712e-06	8.272e-07
1.78	1.7	3.351	3.351	2.553e-06	7.62e-07
1.8	1.7	3.422	3.422	2.383e-06	6.964e-07
1.82	1.7	3.495	3.495	2.203e-06	6.304e-07
1.84	1.7	3.567	3.567	2.011e-06	5.637e-07
1.86	1.7	3.64	3.64	1.807e-06	4.964e-07
1.88	1.7	3.713	3.713	1.59e-06	4.283e-07
1.9	1.7	3.787	3.787	1.361e-06	3.594e-07
1.92	1.7	3.861	3.861	1.118e-06	2.896e-07
1.94	1.7	3.936	3.936	8.614e-07	2.189e-07
1.96	1.7	4.01	4.01	5.898e-07	1.471e-07
1.98	1.7	4.085	4.085	3.028e-07	7.413e-08
1.02	1.72	0.9862	0.9862	4.834e-07	4.902e-07
1.04	1.72	1.04	1.04	9.195e-07	8.84e-07
1.06	1.72	1.095	1.095	1.312e-06	1.198e-06
1.08	1.72	1.15	1.15	1.665e-06	1.447e-06
1.1	1.72	1.206	1.206	1.98e-06	1.642e-06
1.12	1.72	1.263	1.263	2.262e-06	1.791e-06
1.14	1.72	1.32	1.32	2.513e-06	1.903e-06
1.16	1.72	1.378	1.378	2.735e-06	1.985e-06
1.18	1.72	1.437	1.437	2.932e-06	2.041e-06
1.2	1.72	1.496	1.496	3.104e-06	2.075e-06
1.22	1.72	1.555	1.555	3.254e-06	2.092e-06
1.24	1.72	1.615	1.615	3.385e-06	2.095e-06
1.26	1.72	1.676	1.676	3.496e-06	2.086e-06
1.28	1.72	1.737	1.737	3.59e-06	2.067e-06
1.3	1.72	1.799	1.799	3.669e-06	2.039e-06
1.32	1.72	1.862	1.862	3.733e-06	2.005e-06
1.34	1.72	1.924	1.924	3.783e-06	1.966e-06
1.36	1.72	1.988	1.988	3.821e-06	1.922e-06
1.38	1.72	2.052	2.052	3.847e-06	1.875e-06
1.4	1.72	2.116	2.116	3.861e-06	1.825e-06
1.42	1.72	2.181	2.181	3.865e-06	1.772e-06
1.44	1.72	2.246	2.246	3.859e-06	1.718e-06
1.46	1.72	2.312	2.312	3.844e-06	1.663e-06
1.48	1.72	2.379	2.379	3.82e-06	1.606e-06
1.5	1.72	2.445	2.445	3.786e-06	1.548e-06
1.52	1.72	2.513	2.513	3.744e-06	1.49e-06
1.54	1.72	2.58	2.58	3.694e-06	1.432e-06
1.56	1.72	2.648	2.648	3.636e-06	1.373e-06
1.58	1.72	2.717	2.717	3.57e-06	1.314e-06
1.6	1.72	2.786	2.786	3.495e-06	1.255e-06
1.62	1.72	2.855	2.855	3.413e-06	1.195e-06
1.64	1.72	2.925	2.925	3.322e-06	1.136e-06
1.66	1.72	2.996	2.996	3.223e-06	1.076e-06
1.68	1.72	3.066	3.066	3.116e-06	1.016e-06
1.7	1.72	3.137	3.137	3.001e-06	9.564e-07
1.72	1.72	3.209	3.209	2.876e-06	8.963e-07
1.74	1.72	3.281	3.281	2.743e-06	8.36e-07
1.76	1.72	3.353	3.353	2.6e-06	7.754e-07
1.78	1.72	3.426	3.426	2.448e-06	7.145e-07
1.8	1.72	3.499	3.499	2.285e-06	6.532e-07
1.82	1.72	3.572	3.572	2.112e-06	5.913e-07
1.84	1.72	3.646	3.646	1.929e-06	5.289e-07
1.86	1.72	3.72	3.72	1.733e-06	4.659e-07
1.88	1.72	3.795	3.795	1.526e-06	4.022e-07
1.9	1.72	3.87	3.87	1.307e-06	3.376e-07
1.92	1.72	3.945	3.945	1.074e-06	2.722e-07
1.94	1.72	4.021	4.021	8.275e-07	2.058e-07
1.96	1.72	4.097	4.097	5.668e-07	1.383e-07
1.98	1.72	4.173	4.173	2.912e-07	6.977e-08
1.02	1.74	1.018	1.018	4.713e-07	4.629e-07
1.04	1.74	1.073	1.073	8.952e-07	8.341e-07
1.06	1.74	1.129	1.129	1.276e-06	1.13e-06
1.08	1.74	1.185	1.185	1.616e-06	1.363e-06
1.1	1.74	1.243	1.243	1.92e-06	1.545e-06
1.12	1.74	1.3	1.3	2.19e-06	1.684e-06
1.14	1.74	1.359	1.359	2.43e-06	1.789e-06
1.16	1.74	1.418	1.418	2.642e-06	1.864e-06
1.18	1.74	1.477	1.477	2.829e-06	1.915e-06
1.2	1.74	1.537	1.537	2.992e-06	1.946e-06
1.22	1.74	1.598	1.598	3.134e-06	1.961e-06
1.24	1.74	1.659	1.659	3.256e-06	1.962e-06
1.26	1.74	1.721	1.721	3.36e-06	1.953e-06
1.28	1.74	1.783	1.783	3.449e-06	1.934e-06
1.3	1.74	1.846	1.846	3.521e-06	1.907e-06
1.32	1.74	1.91	1.91	3.58e-06	1.875e-06
1.34	1.74	1.974	1.974	3.626e-06	1.837e-06
1.36	1.74	2.038	2.038	3.66e-06	1.796e-06
1.38	1.74	2.103	2.103	3.683e-06	1.751e-06
1.4	1.74	2.169	2.169	3.695e-06	1.704e-06
1.42	1.74	2.235	2.235	3.697e-06	1.654e-06
1.44	1.74	2.301	2.301	3.69e-06	1.603e-06
1.46	1.74	2.368	2.368	3.674e-06	1.551e-06
1.48	1.74	2.436	2.436	3.649e-06	1.498e-06
1.5	1.74	2.504	2.504	3.616e-06	1.444e-06
1.52	1.74	2.572	2.572	3.575e-06	1.39e-06
1.54	1.74	2.641	2.641	3.526e-06	1.335e-06
1.56	1.74	2.711	2.711	3.47e-06	1.28e-06
1.58	1.74	2.78	2.78	3.406e-06	1.225e-06
1.6	1.74	2.851	2.851	3.334e-06	1.17e-06
1.62	1.74	2.921	2.921	3.255e-06	1.114e-06
1.64	1.74	2.992	2.992	3.168e-06	1.059e-06
1.66	1.74	3.064	3.064	3.074e-06	1.003e-06
1.68	1.74	3.136	3.136	2.972e-06	9.477e-07
1.7	1.74	3.208	3.208	2.861e-06	8.92e-07
1.72	1.74	3.281	3.281	2.743e-06	8.36e-07
1.74	1.74	3.354	3.354	2.616e-06	7.799e-07
1.76	1.74	3.427	3.427	2.48e-06	7.235e-07
1.78	1.74	3.501	3.501	2.335e-06	6.668e-07
1.8	1.74	3.576	3.576	2.18e-06	6.097e-07
1.82	1.74	3.65	3.65	2.016e-06	5.522e-07
1.84	1.74	3.726	3.726	1.841e-06	4.941e-07
1.86	1.74	3.801	3.801	1.655e-06	4.354e-07
1.88	1.74	3.877	3.877	1.458e-06	3.76e-07
1.9	1.74	3.953	3.953	1.248e-06	3.158e-07
1.92	1.74	4.03	4.03	1.027e-06	2.547e-07
1.94	1.74	4.107	4.107	7.914e-07	1.927e-07
1.96	1.74	4.184	4.184	5.424e-07	1.296e-07
1.98	1.74	4.262	4.262	2.788e-07	6.543e-08
1.02	1.76	1.05	1.05	4.577e-07	4.358e-07
1.04	1.76	1.107	1.107	8.679e-07	7.843e-07
1.06	1.76	1.163	1.163	1.235e-06	1.061e-06
1.08	1.76	1.221	1.221	1.561e-06	1.279e-06
1.1	1.76	1.279	1.279	1.852e-06	1.448e-06
1.12	1.76	1.338	1.338	2.11e-06	1.577e-06
1.14	1.76	1.397	1.397	2.338e-06	1.673e-06
1.16	1.76	1.457	1.457	2.538e-06	1.742e-06
1.18	1.76	1.518	1.518	2.714e-06	1.788e-06
1.2	1.76	1.579	1.579	2.868e-06	1.816e-06
1.22	1.76	1.641	1.641	3.001e-06	1.829e-06
1.24	1.76	1.703	1.703	3.115e-06	1.829e-06
1.26	1.76	1.766	1.766	3.212e-06	1.818e-06
1.28	1.76	1.83	1.83	3.293e-06	1.8e-06
1.3	1.76	1.894	1.894	3.36e-06	1.774e-06
1.32	1.76	1.958	1.958	3.414e-06	1.743e-06
1.34	1.76	2.023	2.023	3.455e-06	1.708e-06
1.36	1.76	2.089	2.089	3.486e-06	1.668e-06
1.38	1.76	2.155	2.155	3.505e-06	1.626e-06
1.4	1.76	2.222	2.222	3.515e-06	1.582e-06
1.42	1.76	2.289	2.289	3.515e-06	1.536e-06
1.44	1.76	2.357	2.357	3.507e-06	1.488e-06
1.46	1.76	2.425	2.425	3.49e-06	1.439e-06
1.48	1.76	2.494	2.494	3.465e-06	1.39e-06
1.5	1.76	2.563	2.563	3.433e-06	1.339e-06
1.52	1.76	2.632	2.632	3.393e-06	1.289e-06
1.54	1.76	2.703	2.703	3.346e-06	1.238e-06
1.56	1.76	2.773	2.773	3.292e-06	1.187e-06
1.58	1.76	2.844	2.844	3.23e-06	1.136e-06
1.6	1.76	2.915	2.915	3.162e-06	1.084e-06
1.62	1.76	2.987	2.987	3.086e-06	1.033e-06
1.64	1.76	3.06	3.06	3.004e-06	9.817e-07
1.66	1.76	3.132	3.132	2.914e-06	9.303e-07
1.68	1.76	3.205	3.205	2.817e-06	8.788e-07
1.7	1.76	3.279	3.279	2.712e-06	8.272e-07
1.72	1.76	3.353	3.353	2.6e-06	7.754e-07
1.74	1.76	3.427	3.427	2.48e-06	7.235e-07
1.76	1.76	3.502	3.502	2.351e-06	6.714e-07
1.78	1.76	3.577	3.577	2.214e-06	6.189e-07
1.8	1.76	3.653	3.653	2.068e-06	5.661e-07
1.82	1.76	3.729	3.729	1.913e-06	5.129e-07
1.84	1.76	3.805	3.805	1.747e-06	4.591e-07
1.86	1.76	3.882	3.882	1.571e-06	4.048e-07
1.88	1.76	3.959	3.959	1.385e-06	3.497e-07
1.9	1.76	4.037	4.037	1.187e-06	2.939e-07
1.92	1.76	4.115	4.115	9.762e-07	2.372e-07
1.94	1.76	4.193	4.193	7.531e-07	1.796e-07
1.96	1.76	4.271	4.271	5.165e-07	1.209e-07
1.98	1.76	4.35	4.35	2.657e-07	6.108e-08
1.02	1.78	1.083	1.083	4.425e-07	4.086e-07
1.04	1.78	1.14	1.14	8.373e-07	7.344e-07
1.06	1.78	1.198	1.198	1.189e-06	9.923e-07
1.08	1.78	1.256	1.256	1.501e-06	1.194e-06
1.1	1.78	1.316	1.316	1.777e-06	1.351e-06
1.12	1.78	1.375	1.375	2.021e-06	1.469e-06
1.14	1.78	1.436	1.436	2.236e-06	1.557e-06
1.16	1.78	1.497	1.497	2.424e-06	1.619e-06
1.18	1.78	1.559	1.559	2.588e-06	1.661e-06
1.2	1.78	1.621	1.621	2.731e-06	1.685e-06
1.22	1.78	1.684	1.684	2.854e-06	1.695e-06
1.24	1.78	1.747	1.747	2.96e-06	1.694e-06
1.26	1.78	1.812	1.812	3.049e-06	1.683e-06
1.28	1.78	1.876	1.876	3.123e-06	1.665e-06
1.3	1.78	1.941	1.941	3.184e-06	1.64e-06
1.32	1.78	2.007	2.007	3.233e-06	1.611e-06
1.34	1.78	2.073	2.073	3.27e-06	1.577e-06
1.36	1.78	2.14	2.14	3.296e-06	1.54e-06
1.38	1.78	2.208	2.208	3.313e-06	1.501e-06
1.4	1.78	2.275	2.275	3.32e-06	1.459e-06
1.42	1.78	2.344	2.344	3.319e-06	1.416e-06
1.44	1.78	2.413	2.413	3.309e-06	1.372e-06
1.46	1.78	2.482	2.482	3.292e-06	1.326e-06
1.48	1.78	2.552	2.552	3.267e-06	1.28e-06
1.5	1.78	2.622	2.622	3.236e-06	1.234e-06
1.52	1.78	2.693	2.693	3.197e-06	1.187e-06
1.54	1.78	2.764	2.764	3.152e-06	1.14e-06
1.56	1.78	2.836	2.836	3.1e-06	1.093e-06
1.58	1.78	2.908	2.908	3.042e-06	1.046e-06
1.6	1.78	2.981	2.981	2.977e-06	9.987e-07
1.62	1.78	3.054	3.054	2.905e-06	9.514e-07
1.64	1.78	3.127	3.127	2.827e-06	9.041e-07
1.66	1.78	3.201	3.201	2.743e-06	8.568e-07
1.68	1.78	3.276	3.276	2.652e-06	8.094e-07
1.7	1.78	3.351	3.351	2.553e-06	7.62e-07
1.72	1.78	3.426	3.426	2.448e-06	7.145e-07
1.74	1.78	3.501	3.501	2.335e-06	6.668e-07
1.76	1.78	3.577	3.577	2.214e-06	6.189e-07
1.78	1.78	3.654	3.654	2.086e-06	5.708e-07
1.8	1.78	3.731	3.731	1.948e-06	5.223e-07
1.82	1.78	3.808	3.808	1.803e-06	4.734e-07
1.84	1.78	3.886	3.886	1.647e-06	4.24e-07
1.86	1.78	3.964	3.964	1.482e-06	3.74e-07
1.88	1.78	4.042	4.042	1.307e-06	3.233e-07
1.9	1.78	4.121	4.121	1.121e-06	2.719e-07
1.92	1.78	4.2	4.2	9.226e-07	2.197e-07
1.94	1.78	4.28	4.28	7.123e-07	1.664e-07
1.96	1.78	4.359	4.359	4.89e-07	1.122e-07
1.98	1.78	4.44	4.44	2.518e-07	5.671e-08
1.02	1.8	1.116	1.116	4.254e-07	3.813e-07
1.04	1.8	1.174	1.174	8.03e-07	6.841e-07
1.06	1.8	1.233	1.233	1.137e-06	9.226e-07
1.08	1.8	1.292	1.292	1.433e-06	1.109e-06
1.1	1.8	1.353	1.353	1.693e-06	1.252e-06
1.12	1.8	1.413	1.413	1.922e-06	1.36e-06
1.14	1.8	1.475	1.475	2.122e-06	1.439e-06
1.16	1.8	1.537	1.537	2.297e-06	1.494e-06
1.18	1.8	1.6	1.6	2.449e-06	1.531e-06
1.2	1.8	1.663	1.663	2.581e-06	1.552e-06
1.22	1.8	1.727	1.727	2.694e-06	1.56e-06
1.24	1.8	1.792	1.792	2.79e-06	1.557e-06
1.26	1.8	1.857	1.857	2.871e-06	1.546e-06
1.28	1.8	1.923	1.923	2.938e-06	1.528e-06
1.3	1.8	1.989	1.989	2.993e-06	1.505e-06
1.32	1.8	2.056	2.056	3.036e-06	1.477e-06
1.34	1.8	2.124	2.124	3.068e-06	1.445e-06
1.36	1.8	2.192	2.192	3.091e-06	1.41e-06
1.38	1.8	2.26	2.26	3.105e-06	1.374e-06
1.4	1.8	2.329	2.329	3.11e-06	1.335e-06
1.42	1.8	2.399	2.399	3.107e-06	1.295e-06
1.44	1.8	2.469	2.469	3.097e-06	1.254e-06
1.46	1.8	2.539	2.539	3.079e-06	1.213e-06
1.48	1.8	2.61	2.61	3.055e-06	1.17e-06
1.5	1.8	2.682	2.682	3.024e-06	1.128e-06
1.52	1.8	2.754	2.754	2.987e-06	1.085e-06
1.54	1.8	2.826	2.826	2.944e-06	1.042e-06
1.56	1.8	2.899	2.899	2.895e-06	9.986e-07
1.58	1.8	2.973	2.973	2.84e-06	9.555e-07
1.6	1.8	3.046	3.046	2.779e-06	9.123e-07
1.62	1.8	3.121	3.121	2.712e-06	8.691e-07
1.64	1.8	3.195	3.195	2.639e-06	8.26e-07
1.66	1.8	3.271	3.271	2.56e-06	7.828e-07
1.68	1.8	3.346	3.346	2.475e-06	7.397e-07
1.7	1.8	3.422	3.422	2.383e-06	6.964e-07
1.72	1.8	3.499	3.499	2.285e-06	6.532e-07
1.74	1.8	3.576	3.576	2.18e-06	6.097e-07
1.76	1.8	3.653	3.653	2.068e-06	5.661e-07
1.78	1.8	3.731	3.731	1.948e-06	5.223e-07
1.8	1.8	3.809	3.809	1.821e-06	4.781e-07
1.82	1.8	3.887	3.887	1.685e-06	4.336e-07
1.84	1.8	3.966	3.966	1.541e-06	3.885e-07
1.86	1.8	4.046	4.046	1.387e-06	3.43e-07
1.88	1.8	4.125	4.125	1.224e-06	2.967e-07
1.9	1.8	4.205	4.205	1.05e-06	2.498e-07
1.92	1.8	4.286	4.286	8.656e-07	2.02e-07
1.94	1.8	4.367	4.367	6.689e-07	1.532e-07
1.96	1.8	4.448	4.448	4.597e-07	1.033e-07
1.98	1.8	4.529	4.529	2.37e-07	5.232e-08
1.02	1.82	1.148	1.148	4.061e-07	3.536e-07
1.04	1.82	1.208	1.208	7.644e-07	6.329e-07
1.06	1.82	1.268	1.268	1.08e-06	8.518e-07
1.08	1.82	1.328	1.328	1.357e-06	1.021e-06
1.1	1.82	1.39	1.39	1.6e-06	1.151e-06
1.12	1.82	1.452	1.452	1.812e-06	1.248e-06
1.14	1.82	1.514	1.514	1.997e-06	1.319e-06
1.16	1.82	1.578	1.578	2.158e-06	1.368e-06
1.18	1.82	1.642	1.642	2.297e-06	1.399e-06
1.2	1.82	1.706	1.706	2.416e-06	1.416e-06
1.22	1.82	1.771	1.771	2.519e-06	1.422e-06
1.24	1.82	1.837	1.837	2.605e-06	1.418e-06
1.26	1.82	1.903	1.903	2.678e-06	1.407e-06
1.28	1.82	1.97	1.97	2.737e-06	1.389e-06
1.3	1.82	2.038	2.038	2.786e-06	1.367e-06
1.32	1.82	2.106	2.106	2.823e-06	1.341e-06
1.34	1.82	2.174	2.174	2.851e-06	1.311e-06
1.36	1.82	2.243	2.243	2.87e-06	1.279e-06
1.38	1.82	2.313	2.313	2.881e-06	1.245e-06
1.4	1.82	2.383	2.383	2.884e-06	1.21e-06
1.42	1.82	2.454	2.454	2.879e-06	1.173e-06
1.44	1.82	2.525	2.525	2.868e-06	1.136e-06
1.46	1.82	2.597	2.597	2.851e-06	1.098e-06
1.48	1.82	2.669	2.669	2.828e-06	1.059e-06
1.5	1.82	2.742	2.742	2.798e-06	1.021e-06
1.52	1.82	2.815	2.815	2.763e-06	9.816e-07
1.54	1.82	2.889	2.889	2.723e-06	9.425e-07
1.56	1.82	2.963	2.963	2.677e-06	9.034e-07
1.58	1.82	3.037	3.037	2.625e-06	8.643e-07
1.6	1.82	3.112	3.112	2.569e-06	8.252e-07
1.62	1.82	3.188	3.188	2.506e-06	7.862e-07
1.64	1.82	3.264	3.264	2.439e-06	7.472e-07
1.66	1.82	3.34	3.34	2.366e-06	7.083e-07
1.68	1.82	3.417	3.417	2.287e-06	6.693e-07
1.7	1.82	3.495	3.495	2.203e-06	6.304e-07
1.72	1.82	3.572	3.572	2.112e-06	5.913e-07
1.74	1.82	3.65	3.65	2.016e-06	5.522e-07
1.76	1.82	3.729	3.729	1.913e-06	5.129e-07
1.78	1.82	3.808	3.808	1.803e-06	4.734e-07
1.8	1.82	3.887	3.887	1.685e-06	4.336e-07
1.82	1.82	3.967	3.967	1.561e-06	3.934e-07
1.84	1.82	4.047	4.047	1.428e-06	3.528e-07
1.86	1.82	4.128	4.128	1.286e-06	3.116e-07
1.88	1.82	4.209	4.209	1.136e-06	2.699e-07
1.9	1.82	4.29	4.29	9.756e-07	2.274e-07
1.92	1.82	4.372	4.372	8.048e-07	1.841e-07
1.94	1.82	4.454	4.454	6.227e-07	1.398e-07
1.96	1.82	4.537	4.537	4.285e-07	9.444e-08
1.98	1.82	4.62	4.62	2.212e-07	4.788e-08
1.02	1.84	1.182	1.182	3.844e-07	3.253e-07
1.04	1.84	1.242	1.242	7.21e-07	5.806e-07
1.06	1.84	1.303	1.303	1.015e-06	7.792e-07
1.08	1.84	1.365	1.365	1.272e-06	9.32e-07
1.1	1.84	1.427	1.427	1.495e-06	1.048e-06
1.12	1.84	1.49	1.49	1.69e-06	1.134e-06
1.14	1.84	1.554	1.554	1.858e-06	1.196e-06
1.16	1.84	1.618	1.618	2.003e-06	1.238e-06
1.18	1.84	1.683	1.683	2.128e-06	1.264e-06
1.2	1.84	1.749	1.749	2.235e-06	1.278e-06
1.22	1.84	1.815	1.815	2.327e-06	1.282e-06
1.24	1.84	1.882	1.882	2.403e-06	1.277e-06
1.26	1.84	1.949	1.949	2.467e-06	1.266e-06
1.28	1.84	2.018	2.018	2.519e-06	1.249e-06
1.3	1.84	2.086	2.086	2.561e-06	1.228e-06
1.32	1.84	2.155	2.155	2.593e-06	1.203e-06
1.34	1.84	2.225	2.225	2.616e-06	1.176e-06
1.36	1.84	2.295	2.295	2.632e-06	1.147e-06
1.38	1.84	2.366	2.366	2.64e-06	1.116e-06
1.4	1.84	2.438	2.438	2.641e-06	1.083e-06
1.42	1.84	2.509	2.509	2.635e-06	1.05e-06
1.44	1.84	2.582	2.582	2.624e-06	1.016e-06
1.46	1.84	2.655	2.655	2.607e-06	9.82e-07
1.48	1.84	2.728	2.728	2.584e-06	9.473e-07
1.5	1.84	2.802	2.802	2.557e-06	9.124e-07
1.52	1.84	2.876	2.876	2.524e-06	8.774e-07
1.54	1.84	2.951	2.951	2.486e-06	8.424e-07
1.56	1.84	3.027	3.027	2.444e-06	8.074e-07
1.58	1.84	3.103	3.103	2.396e-06	7.724e-07
1.6	1.84	3.179	3.179	2.344e-06	7.375e-07
1.62	1.84	3.256	3.256	2.287e-06	7.026e-07
1.64	1.84	3.333	3.333	2.226e-06	6.678e-07
1.66	1.84	3.41	3.41	2.159e-06	6.331e-07
1.68	1.84	3.489	3.489	2.088e-06	5.984e-07
1.7	1.84	3.567	3.567	2.011e-06	5.637e-07
1.72	1.84	3.646	3.646	1.929e-06	5.289e-07
1.74	1.84	3.726	3.726	1.841e-06	4.941e-07
1.76	1.84	3.805	3.805	1.747e-06	4.591e-07
1.78	1.84	3.886	3.886	1.647e-06	4.24e-07
1.8	1.84	3.966	3.966	1.541e-06	3.885e-07
1.82	1.84	4.047	4.047	1.428e-06	3.528e-07
1.84	1.84	4.129	4.129	1.307e-06	3.166e-07
1.86	1.84	4.211	4.211	1.179e-06	2.799e-07
1.88	1.84	4.293	4.293	1.042e-06	2.427e-07
1.9	1.84	4.376	4.376	8.958e-07	2.047e-07
1.92	1.84	4.459	4.459	7.399e-07	1.659e-07
1.94	1.84	4.542	4.542	5.733e-07	1.262e-07
1.96	1.84	4.626	4.626	3.952e-07	8.542e-08
1.98	1.84	4.71	4.71	2.044e-07	4.339e-08
1.02	1.86	1.215	1.215	3.598e-07	2.961e-07
1.04	1.86	1.276	1.276	6.72e-07	5.265e-07
1.06	1.86	1.338	1.338	9.425e-07	7.042e-07
1.08	1.86	1.401	1.401	1.177e-06	8.397e-07
1.1	1.86	1.465	1.465	1.379e-06	9.414e-07
1.12	1.86	1.529	1.529	1.553e-06	1.016e-06
1.14	1.86	1.594	1.594	1.704e-06	1.069e-06
1.16	1.86	1.659	1.659	1.833e-06	1.105e-06
1.18	1.86	1.725	1.725	1.943e-06	1.126e-06
1.2	1.86	1.792	1.792	2.037e-06	1.137e-06
1.22	1.86	1.859	1.859	2.117e-06	1.138e-06
1.24	1.86	1.927	1.927	2.183e-06	1.133e-06
1.26	1.86	1.996	1.996	2.238e-06	1.121e-06
1.28	1.86	2.065	2.065	2.283e-06	1.105e-06
1.3	1.86	2.135	2.135	2.318e-06	1.086e-06
1.32	1.86	2.205	2.205	2.345e-06	1.063e-06
1.34	1.86	2.276	2.276	2.364e-06	1.038e-06
1.36	1.86	2.348	2.348	2.376e-06	1.012e-06
1.38	1.86	2.42	2.42	2.381e-06	9.841e-07
1.4	1.86	2.492	2.492	2.38e-06	9.552e-07
1.42	1.86	2.565	2.565	2.374e-06	9.255e-07
1.44	1.86	2.639	2.639	2.363e-06	8.954e-07
1.46	1.86	2.713	2.713	2.346e-06	8.648e-07
1.48	1.86	2.788	2.788	2.325e-06	8.341e-07
1.5	1.86	2.863	2.863	2.299e-06	8.032e-07
1.52	1.86	2.938	2.938	2.269e-06	7.722e-07
1.54	1.86	3.014	3.014	2.235e-06	7.413e-07
1.56	1.86	3.091	3.091	2.196e-06	7.104e-07
1.58	1.86	3.168	3.168	2.153e-06	6.796e-07
1.6	1.86	3.246	3.246	2.106e-06	6.489e-07
1.62	1.86	3.324	3.324	2.055e-06	6.183e-07
1.64	1.86	3.402	3.402	1.999e-06	5.877e-07
1.66	1.86	3.481	3.481	1.94e-06	5.572e-07
1.68	1.86	3.56	3.56	1.876e-06	5.268e-07
1.7	1.86	3.64	3.64	1.807e-06	4.964e-07
1.72	1.86	3.72	3.72	1.733e-06	4.659e-07
1.74	1.86	3.801	3.801	1.655e-06	4.354e-07
1.76	1.86	3.882	3.882	1.571e-06	4.048e-07
1.78	1.86	3.964	3.964	1.482e-06	3.74e-07
1.8	1.86	4.046	4.046	1.387e-06	3.43e-07
1.82	1.86	4.128	4.128	1.286e-06	3.116e-07
1.84	1.86	4.211	4.211	1.179e-06	2.799e-07
1.86	1.86	4.294	4.294	1.064e-06	2.478e-07
1.88	1.86	4.377	4.377	9.415e-07	2.151e-07
1.9	1.86	4.461	4.461	8.106e-07	1.817e-07
1.92	1.86	4.546	4.546	6.706e-07	1.475e-07
1.94	1.86	4.631	4.631	5.206e-07	1.124e-07
1.96	1.86	4.716	4.716	3.595e-07	7.624e-08
1.98	1.86	4.801	4.801	1.864e-07	3.882e-08
1.02	1.88	1.249	1.249	3.317e-07	2.657e-07
1.04	1.88	1.311	1.311	6.163e-07	4.701e-07
1.06	1.88	1.374	1.374	8.602e-07	6.26e-07
1.08	1.88	1.438	1.438	1.069e-06	7.435e-07
1.1	1.88	1.503	1.503	1.248e-06	8.307e-07
1.12	1.88	1.568	1.568	1.401e-06	8.939e-07
1.14	1.88	1.634	1.634	1.533e-06	9.38e-07
1.16	1.88	1.7	1.7	1.644e-06	9.671e-07
1.18	1.88	1.768	1.768	1.739e-06	9.841e-07
1.2	1.88	1.835	1.835	1.82e-06	9.915e-07
1.22	1.88	1.904	1.904	1.887e-06	9.913e-07
1.24	1.88	1.973	1.973	1.944e-06	9.85e-07
1.26	1.88	2.043	2.043	1.99e-06	9.739e-07
1.28	1.88	2.113	2.113	2.027e-06	9.59e-07
1.3	1.88	2.184	2.184	2.055e-06	9.411e-07
1.32	1.88	2.256	2.256	2.077e-06	9.208e-07
1.34	1.88	2.328	2.328	2.092e-06	8.987e-07
1.36	1.88	2.4	2.4	2.101e-06	8.752e-07
1.38	1.88	2.473	2.473	2.104e-06	8.506e-07
1.4	1.88	2.547	2.547	2.102e-06	8.252e-07
1.42	1.88	2.621	2.621	2.095e-06	7.992e-07
1.44	1.88	2.696	2.696	2.084e-06	7.729e-07
1.46	1.88	2.771	2.771	2.068e-06	7.463e-07
1.48	1.88	2.847	2.847	2.049e-06	7.195e-07
1.5	1.88	2.924	2.924	2.025e-06	6.927e-07
1.52	1.88	3	3	1.998e-06	6.659e-07
1.54	1.88	3.078	3.078	1.967e-06	6.392e-07
1.56	1.88	3.156	3.156	1.933e-06	6.125e-07
1.58	1.88	3.234	3.234	1.895e-06	5.859e-07
1.6	1.88	3.313	3.313	1.853e-06	5.594e-07
1.62	1.88	3.392	3.392	1.808e-06	5.33e-07
1.64	1.88	3.472	3.472	1.759e-06	5.068e-07
1.66	1.88	3.552	3.552	1.707e-06	4.806e-07
1.68	1.88	3.632	3.632	1.651e-06	4.544e-07
1.7	1.88	3.713	3.713	1.59e-06	4.283e-07
1.72	1.88	3.795	3.795	1.526e-06	4.022e-07
1.74	1.88	3.877	3.877	1.458e-06	3.76e-07
1.76	1.88	3.959	3.959	1.385e-06	3.497e-07
1.78	1.88	4.042	4.042	1.307e-06	3.233e-07
1.8	1.88	4.125	4.125	1.224e-06	2.967e-07
1.82	1.88	4.209	4.209	1.136e-06	2.699e-07
1.84	1.88	4.293	4.293	1.042e-06	2.427e-07
1.86	1.88	4.377	4.377	9.415e-07	2.151e-07
1.88	1.88	4.462	4.462	8.342e-07	1.87e-07
1.9	1.88	4.548	4.548	7.194e-07	1.582e-07
1.92	1.88	4.633	4.633	5.963e-07	1.287e-07
1.94	1.88	4.719	4.719	4.64e-07	9.831e-08
1.96	1.88	4.806	4.806	3.213e-07	6.685e-08
1.98	1.88	4.893	4.893	1.671e-07	3.415e-08
1.02	1.9	1.282	1.282	2.995e-07	2.335e-07
1.04	1.9	1.346	1.346	5.525e-07	4.105e-07
1.06	1.9	1.41	1.41	7.665e-07	5.436e-07
1.08	1.9	1.475	1.475	9.476e-07	6.424e-07
1.1	1.9	1.541	1.541	1.101e-06	7.148e-07
1.12	1.9	1.607	1.607	1.232e-06	7.664e-07
1.14	1.9	1.674	1.674	1.342e-06	8.018e-07
1.16	1.9	1.742	1.742	1.436e-06	8.244e-07
1.18	1.9	1.81	1.81	1.515e-06	8.37e-07
1.2	1.9	1.879	1.879	1.582e-06	8.416e-07
1.22	1.9	1.949	1.949	1.637e-06	8.4e-07
1.24	1.9	2.019	2.019	1.683e-06	8.335e-07
1.26	1.9	2.09	2.09	1.72e-06	8.23e-07
1.28	1.9	2.161	2.161	1.75e-06	8.094e-07
1.3	1.9	2.233	2.233	1.772e-06	7.935e-07
1.32	1.9	2.306	2.306	1.789e-06	7.757e-07
1.34	1.9	2.379	2.379	1.8e-06	7.565e-07
1.36	1.9	2.453	2.453	1.806e-06	7.361e-07
1.38	1.9	2.527	2.527	1.807e-06	7.15e-07
1.4	1.9	2.602	2.602	1.804e-06	6.933e-07
1.42	1.9	2.678	2.678	1.797e-06	6.712e-07
1.44	1.9	2.754	2.754	1.787e-06	6.488e-07
1.46	1.9	2.83	2.83	1.772e-06	6.262e-07
1.48	1.9	2.907	2.907	1.755e-06	6.036e-07
1.5	1.9	2.985	2.985	1.734e-06	5.81e-07
1.52	1.9	3.063	3.063	1.71e-06	5.584e-07
1.54	1.9	3.141	3.141	1.683e-06	5.359e-07
1.56	1.9	3.221	3.221	1.654e-06	5.135e-07
1.58	1.9	3.3	3.3	1.621e-06	4.912e-07
1.6	1.9	3.38	3.38	1.585e-06	4.69e-07
1.62	1.9	3.461	3.461	1.547e-06	4.469e-07
1.64	1.9	3.541	3.541	1.505e-06	4.249e-07
1.66	1.9	3.623	3.623	1.46e-06	4.03e-07
1.68	1.9	3.705	3.705	1.412e-06	3.812e-07
1.7	1.9	3.787	3.787	1.361e-06	3.594e-07
1.72	1.9	3.87	3.87	1.307e-06	3.376e-07
1.74	1.9	3.953	3.953	1.248e-06	3.158e-07
1.76	1.9	4.037	4.037	1.187e-06	2.939e-07
1.78	1.9	4.121	4.121	1.121e-06	2.719e-07
1.8	1.9	4.205	4.205	1.05e-06	2.498e-07
1.82	1.9	4.29	4.29	9.756e-07	2.274e-07
1.84	1.9	4.376	4.376	8.958e-07	2.047e-07
1.86	1.9	4.461	4.461	8.106e-07	1.817e-07
1.88	1.9	4.548	4.548	7.194e-07	1.582e-07
1.9	1.9	4.634	4.634	6.217e-07	1.341e-07
1.92	1.9	4.721	4.721	5.165e-07	1.094e-07
1.94	1.9	4.809	4.809	4.03e-07	8.381e-08
1.96	1.9	4.896	4.896	2.8e-07	5.719e-08
1.98	1.9	4.984	4.984	1.462e-07	2.934e-08
1.02	1.92	1.316	1.316	2.619e-07	1.99e-07
1.04	1.92	1.381	1.381	4.787e-07	3.467e-07
1.06	1.92	1.446	1.446	6.588e-07	4.556e-07
1.08	1.92	1.512	1.512	8.092e-07	5.351e-07
1.1	1.92	1.579	1.579	9.352e-07	5.923e-07
1.12	1.92	1.646	1.646	1.041e-06	6.323e-07
1.14	1.92	1.715	1.715	1.13e-06	6.591e-07
1.16	1.92	1.783	1.783	1.205e-06	6.757e-07
1.18	1.92	1.853	1.853	1.268e-06	6.842e-07
1.2	1.92	1.923	1.923	1.32e-06	6.865e-07
1.22	1.92	1.994	1.994	1.364e-06	6.839e-07
1.24	1.92	2.065	2.065	1.399e-06	6.775e-07
1.26	1.92	2.137	2.137	1.428e-06	6.68e-07
1.28	1.92	2.21	2.21	1.45e-06	6.562e-07
1.3	1.92	2.283	2.283	1.467e-06	6.426e-07
1.32	1.92	2.357	2.357	1.479e-06	6.276e-07
1.34	1.92	2.431	2.431	1.487e-06	6.115e-07
1.36	1.92	2.506	2.506	1.49e-06	5.946e-07
1.38	1.92	2.582	2.582	1.49e-06	5.772e-07
1.4	1.92	2.658	2.658	1.487e-06	5.593e-07
1.42	1.92	2.735	2.735	1.48e-06	5.412e-07
1.44	1.92	2.812	2.812	1.47e-06	5.229e-07
1.46	1.92	2.889	2.889	1.458e-06	5.046e-07
1.48	1.92	2.968	2.968	1.443e-06	4.862e-07
1.5	1.92	3.046	3.046	1.425e-06	4.679e-07
1.52	1.92	3.126	3.126	1.405e-06	4.496e-07
1.54	1.92	3.205	3.205	1.383e-06	4.314e-07
1.56	1.92	3.286	3.286	1.358e-06	4.133e-07
1.58	1.92	3.367	3.367	1.331e-06	3.954e-07
1.6	1.92	3.448	3.448	1.302e-06	3.775e-07
1.62	1.92	3.53	3.53	1.27e-06	3.598e-07
1.64	1.92	3.612	3.612	1.236e-06	3.421e-07
1.66	1.92	3.694	3.694	1.199e-06	3.246e-07
1.68	1.92	3.778	3.778	1.16e-06	3.071e-07
1.7	1.92	3.861	3.861	1.118e-06	2.896e-07
1.72	1.92	3.945	3.945	1.074e-06	2.722e-07
1.74	1.92	4.03	4.03	1.027e-06	2.547e-07
1.76	1.92	4.115	4.115	9.762e-07	2.372e-07
1.78	1.92	4.2	4.2	9.226e-07	2.197e-07
1.8	1.92	4.286	4.286	8.656e-07	2.02e-07
1.82	1.92	4.372	4.372	8.048e-07	1.841e-07
1.84	1.92	4.459	4.459	7.399e-07	1.659e-07
1.86	1.92	4.546	4.546	6.706e-07	1.475e-07
1.88	1.92	4.633	4.633	5.963e-07	1.287e-07
1.9	1.92	4.721	4.721	5.165e-07	1.094e-07
1.92	1.92	4.809	4.809	4.304e-07	8.949e-08
1.94	1.92	4.898	4.898	3.371e-07	6.881e-08
1.96	1.92	4.987	4.987	2.353e-07	4.718e-08
1.98	1.92	5.077	5.077	1.235e-07	2.434e-08
1.02	1.94	1.351	1.351	2.175e-07	1.61e-07
1.04	1.94	1.416	1.416	3.921e-07	2.769e-07
1.06	1.94	1.483	1.483	5.34e-07	3.602e-07
1.08	1.94	1.55	1.55	6.504e-07	4.197e-07
1.1	1.94	1.618	1.618	7.466e-07	4.616e-07
1.12	1.94	1.686	1.686	8.267e-07	4.903e-07
1.14	1.94	1.755	1.755	8.934e-07	5.09e-07
1.16	1.94	1.825	1.825	9.491e-07	5.2e-07
1.18	1.94	1.896	1.896	9.954e-07	5.25e-07
1.2	1.94	1.967	1.967	1.034e-06	5.255e-07
1.22	1.94	2.039	2.039	1.065e-06	5.225e-07
1.24	1.94	2.112	2.112	1.091e-06	5.166e-07
1.26	1.94	2.185	2.185	1.111e-06	5.086e-07
1.28	1.94	2.259	2.259	1.127e-06	4.99e-07
1.3	1.94	2.333	2.333	1.139e-06	4.88e-07
1.32	1.94	2.408	2.408	1.147e-06	4.762e-07
1.34	1.94	2.484	2.484	1.151e-06	4.635e-07
1.36	1.94	2.56	2.56	1.153e-06	4.504e-07
1.38	1.94	2.636	2.636	1.152e-06	4.369e-07
1.4	1.94	2.714	2.714	1.148e-06	4.231e-07
1.42	1.94	2.792	2.792	1.142e-06	4.092e-07
1.44	1.94	2.87	2.87	1.134e-06	3.952e-07
1.46	1.94	2.949	2.949	1.124e-06	3.812e-07
1.48	1.94	3.028	3.028	1.112e-06	3.672e-07
1.5	1.94	3.108	3.108	1.098e-06	3.533e-07
1.52	1.94	3.189	3.189	1.082e-06	3.394e-07
1.54	1.94	3.27	3.27	1.065e-06	3.256e-07
1.56	1.94	3.351	3.351	1.046e-06	3.12e-07
1.58	1.94	3.433	3.433	1.025e-06	2.984e-07
1.6	1.94	3.516	3.516	1.002e-06	2.85e-07
1.62	1.94	3.599	3.599	9.774e-07	2.716e-07
1.64	1.94	3.682	3.682	9.512e-07	2.583e-07
1.66	1.94	3.766	3.766	9.232e-07	2.451e-07
1.68	1.94	3.851	3.851	8.932e-07	2.32e-07
1.7	1.94	3.936	3.936	8.614e-07	2.189e-07
1.72	1.94	4.021	4.021	8.275e-07	2.058e-07
1.74	1.94	4.107	4.107	7.914e-07	1.927e-07
1.76	1.94	4.193	4.193	7.531e-07	1.796e-07
1.78	1.94	4.28	4.28	7.123e-07	1.664e-07
1.8	1.94	4.367	4.367	6.689e-07	1.532e-07
1.82	1.94	4.454	4.454	6.227e-07	1.398e-07
1.84	1.94	4.542	4.542	5.733e-07	1.262e-07
1.86	1.94	4.631	4.631	5.206e-07	1.124e-07
1.88	1.94	4.719	4.719	4.64e-07	9.831e-08
1.9	1.94	4.809	4.809	4.03e-07	8.381e-08
1.92	1.94	4.898	4.898	3.371e-07	6.881e-08
1.94	1.94	4.988	4.988	2.652e-07	5.317e-08
1.96	1.94	5.079	5.079	1.863e-07	3.668e-08
1.98	1.94	5.169	5.169	9.864e-08	1.908e-08
1.02	1.96	1.385	1.385	1.634e-07	1.18e-07
1.04	1.96	1.452	1.452	2.886e-07	1.988e-07
1.06	1.96	1.519	1.519	3.873e-07	2.549e-07
1.08	1.96	1.587	1.587	4.666e-07	2.94e-07
1.1	1.96	1.656	1.656	5.314e-07	3.208e-07
1.12	1.96	1.726	1.726	5.846e-07	3.387e-07
1.14	1.96	1.796	1.796	6.287e-07	3.5e-07
1.16	1.96	1.867	1.867	6.651e-07	3.562e-07
1.18	1.96	1.939	1.939	6.952e-07	3.585e-07
1.2	1.96	2.012	2.012	7.2e-07	3.579e-07
1.22	1.96	2.085	2.085	7.401e-07	3.55e-07
1.24	1.96	2.158	2.158	7.562e-07	3.504e-07
1.26	1.96	2.233	2.233	7.689e-07	3.444e-07
1.28	1.96	2.308	2.308	7.786e-07	3.374e-07
1.3	1.96	2.383	2.383	7.855e-07	3.296e-07
1.32	1.96	2.459	2.459	7.9e-07	3.212e-07
1.34	1.96	2.536	2.536	7.924e-07	3.124e-07
1.36	1.96	2.613	2.613	7.927e-07	3.033e-07
1.38	1.96	2.691	2.691	7.913e-07	2.94e-07
1.4	1.96	2.77	2.77	7.883e-07	2.846e-07
1.42	1.96	2.849	2.849	7.837e-07	2.751e-07
1.44	1.96	2.928	2.928	7.777e-07	2.656e-07
1.46	1.96	3.009	3.009	7.703e-07	2.56e-07
1.48	1.96	3.089	3.089	7.617e-07	2.466e-07
1.5	1.96	3.171	3.171	7.519e-07	2.371e-07
1.52	1.96	3.252	3.252	7.409e-07	2.278e-07
1.54	1.96	3.335	3.335	7.287e-07	2.185e-07
1.56	1.96	3.417	3.417	7.154e-07	2.093e-07
1.58	1.96	3.501	3.501	7.009e-07	2.002e-07
1.6	1.96	3.584	3.584	6.854e-07	1.912e-07
1.62	1.96	3.669	3.669	6.687e-07	1.823e-07
1.64	1.96	3.753	3.753	6.508e-07	1.734e-07
1.66	1.96	3.838	3.838	6.317e-07	1.646e-07
1.68	1.96	3.924	3.924	6.114e-07	1.558e-07
1.7	1.96	4.01	4.01	5.898e-07	1.471e-07
1.72	1.96	4.097	4.097	5.668e-07	1.383e-07
1.74	1.96	4.184	4.184	5.424e-07	1.296e-07
1.76	1.96	4.271	4.271	5.165e-07	1.209e-07
1.78	1.96	4.359	4.359	4.89e-07	1.122e-07
1.8	1.96	4.448	4.448	4.597e-07	1.033e-07
1.82	1.96	4.537	4.537	4.285e-07	9.444e-08
1.84	1.96	4.626	4.626	3.952e-07	8.542e-08
1.86	1.96	4.716	4.716	3.595e-07	7.624e-08
1.88	1.96	4.806	4.806	3.213e-07	6.685e-08
1.9	1.96	4.896	4.896	2.8e-07	5.719e-08
1.92	1.96	4.987	4.987	2.353e-07	4.718e-08
1.94	1.96	5.079	5.079	1.863e-07	3.668e-08
1.96	1.96	5.17	5.17	1.32e-07	2.553e-08
1.98	1.96	5.263	5.263	7.08e-08	1.345e-08
1.02	1.98	1.42	1.42	9.453e-08	6.659e-08
1.04	1.98	1.487	1.487	1.615e-07	1.086e-07
1.06	1.98	1.556	1.556	2.122e-07	1.364e-07
1.08	1.98	1.625	1.625	2.522e-07	1.552e-07
1.1	1.98	1.695	1.695	2.844e-07	1.678e-07
1.12	1.98	1.766	1.766	3.107e-07	1.759e-07
1.14	1.98	1.838	1.838	3.322e-07	1.808e-07
1.16	1.98	1.91	1.91	3.499e-07	1.832e-07
1.18	1.98	1.983	1.983	3.644e-07	1.838e-07
1.2	1.98	2.056	2.056	3.762e-07	1.829e-07
1.22	1.98	2.13	2.13	3.857e-07	1.81e-07
1.24	1.98	2.205	2.205	3.932e-07	1.783e-07
1.26	1.98	2.281	2.281	3.991e-07	1.75e-07
1.28	1.98	2.357	2.357	4.034e-07	1.712e-07
1.3	1.98	2.434	2.434	4.064e-07	1.67e-07
1.32	1.98	2.511	2.511	4.082e-07	1.626e-07
1.34	1.98	2.589	2.589	4.09e-07	1.58e-07
1.36	1.98	2.667	2.667	4.088e-07	1.532e-07
1.38	1.98	2.747	2.747	4.077e-07	1.484e-07
1.4	1.98	2.826	2.826	4.058e-07	1.436e-07
1.42	1.98	2.907	2.907	4.032e-07	1.387e-07
1.44	1.98	2.987	2.987	3.998e-07	1.338e-07
1.46	1.98	3.069	3.069	3.959e-07	1.29e-07
1.48	1.98	3.151	3.151	3.913e-07	1.242e-07
1.5	1.98	3.233	3.233	3.861e-07	1.194e-07
1.52	1.98	3.316	3.316	3.803e-07	1.147e-07
1.54	1.98	3.399	3.399	3.739e-07	1.1e-07
1.56	1.98	3.483	3.483	3.67e-07	1.054e-07
1.58	1.98	3.568	3.568	3.596e-07	1.008e-07
1.6	1.98	3.653	3.653	3.516e-07	9.625e-08
1.62	1.98	3.739	3.739	3.43e-07	9.176e-08
1.64	1.98	3.825	3.825	3.339e-07	8.73e-08
1.66	1.98	3.911	3.911	3.242e-07	8.289e-08
1.68	1.98	3.998	3.998	3.138e-07	7.85e-08
1.7	1.98	4.085	4.085	3.028e-07	7.413e-08
1.72	1.98	4.173	4.173	2.912e-07	6.977e-08
1.74	1.98	4.262	4.262	2.788e-07	6.543e-08
1.76	1.98	4.35	4.35	2.657e-07	6.108e-08
1.78	1.98	4.44	4.44	2.518e-07	5.671e-08
1.8	1.98	4.529	4.529	2.37e-07	5.232e-08
1.82	1.98	4.62	4.62	2.212e-07	4.788e-08
1.84	1.98	4.71	4.71	2.044e-07	4.339e-08
1.86	1.98	4.801	4.801	1.864e-07	3.882e-08
1.88	1.98	4.893	4.893	1.671e-07	3.415e-08
1.9	1.98	4.984	4.984	1.462e-07	2.934e-08
1.92	1.98	5.077	5.077	1.235e-07	2.434e-08
1.94	1.98	5.169	5.169	9.864e-08	1.908e-08
1.96	1.98	5.263	5.263	7.08e-08	1.345e-08
1.98	1.98	5.356	5.356	3.88e-08	7.244e-09
